depth[mm]	HF [V]	NF [V]	TGC [dB]
-1,4	0,334	0,066	0,017
-1,3	0,477	0,475	0,157
-1,1	0,638	0,444	-0,157
-1,0	0,744	-0,111	-0,157
-0,8	0,734	-0,621	0,367
-0,7	0,617	-0,629	0,630
-0,6	0,489	-0,379	0,315
-0,4	0,484	-0,324	0,000
-0,3	0,669	-0,312	-0,157
-0,1	0,976	0,174	-0,157
0,0	1,231	0,988	0,000
0,1	1,277	1,202	0,192
0,3	1,103	0,354	0,140
0,4	0,862	-0,662	0,035
0,6	0,762	-0,588	-0,017
0,7	0,895	0,480	-0,087
0,8	1,161	1,106	0,000
1,0	1,337	0,385	0,157
1,1	1,267	-0,826	0,157
1,3	0,989	-1,060	0,017
1,4	0,709	-0,184	0,000
1,5	0,626	0,514	0,000
1,7	0,767	0,112	0,035
1,8	0,971	-0,795	0,157
1,9	1,026	-1,044	0,105
2,1	0,853	-0,459	0,000
2,2	0,563	0,110	0,000
2,4	0,352	0,069	0,017
2,5	0,334	-0,226	0,070
2,6	0,456	-0,165	0,105
2,8	0,563	0,227	0,000
2,9	0,537	0,451	0,000
3,1	0,397	0,309	0,000
3,2	0,256	0,111	0,035
3,3	0,216	0,152	0,000
3,5	0,277	0,331	0,000
3,6	0,359	0,392	0,000
3,8	0,383	0,307	0,035
3,9	0,339	0,244	0,000
4,0	0,279	0,270	0,000
4,2	0,257	0,286	0,000
4,3	0,275	0,211	0,052
4,4	0,291	0,103	0,000
4,6	0,270	0,044	0,000
4,7	0,217	0,030	0,000
4,9	0,168	0,009	0,035
5,0	0,149	-0,032	0,000
5,1	0,151	-0,064	0,000
5,3	0,147	-0,073	0,017
5,4	0,121	-0,065	0,000
5,6	0,089	-0,050	0,000
5,7	0,080	-0,039	0,000
5,8	0,103	-0,059	0,000
6,0	0,139	-0,111	0,000
6,1	0,153	-0,147	0,000
6,3	0,131	-0,108	0,000
6,4	0,090	-0,011	0,000
6,5	0,062	0,055	0,000
6,7	0,067	0,028	0,000
6,8	0,092	-0,055	0,000
6,9	0,109	-0,104	0,000
7,1	0,097	-0,078	0,000
7,2	0,062	-0,014	0,000
7,4	0,029	0,021	0,000
7,5	0,023	0,002	0,000
7,6	0,044	-0,045	0,000
7,8	0,073	-0,069	0,000
7,9	0,085	-0,039	0,017
8,1	0,072	0,018	0,000
8,2	0,044	0,047	0,000
8,3	0,022	0,022	0,000
8,5	0,021	-0,012	0,000
8,6	0,044	0,009	0,000
8,8	0,082	0,079	0,000
8,9	0,123	0,105	0,000
9,0	0,156	0,023	0,000
9,2	0,174	-0,113	0,000
9,3	0,173	-0,172	0,000
9,5	0,152	-0,097	0,000
9,6	0,118	0,027	0,017
9,7	0,081	0,078	0,000
9,9	0,053	0,029	0,000
10,0	0,040	-0,031	0,000
10,1	0,039	-0,027	0,000
10,3	0,044	0,023	0,000
10,4	0,048	0,047	0,000
10,6	0,047	0,016	0,000
10,7	0,042	-0,028	0,000
10,8	0,037	-0,037	0,000
11,0	0,032	-0,011	0,000
11,1	0,028	0,016	0,000
11,3	0,026	0,025	0,000
11,4	0,025	0,022	0,000
11,5	0,026	0,016	0,000
11,7	0,030	0,001	0,000
11,8	0,034	-0,021	0,000
12,0	0,033	-0,033	0,017
12,1	0,028	-0,021	0,035
12,2	0,019	0,002	0,000
12,4	0,011	0,009	0,000
12,5	0,007	-0,002	0,000
12,6	0,009	-0,010	0,000
12,8	0,013	0,001	0,000
12,9	0,017	0,016	0,000
13,1	0,019	0,009	0,000
13,2	0,020	-0,015	0,000
13,3	0,024	-0,022	0,000
13,5	0,029	0,001	0,000
13,6	0,032	0,029	0,000
13,8	0,033	0,027	0,000
13,9	0,029	-0,003	0,000
14,0	0,024	-0,023	0,000
14,2	0,021	-0,011	0,000
14,3	0,022	0,016	0,017
14,5	0,025	0,023	0,000
14,6	0,027	0,001	0,000
14,7	0,026	-0,021	0,000
14,9	0,021	-0,020	0,000
15,0	0,015	-0,002	0,000
15,2	0,009	0,008	0,000
15,3	0,006	0,002	0,000
15,4	0,006	-0,006	0,000
15,6	0,007	-0,003	0,000
15,7	0,008	0,006	0,017
15,8	0,010	0,007	0,017
16,0	0,012	-0,004	0,000
16,1	0,013	-0,013	0,000
16,3	0,012	-0,009	0,017
16,4	0,009	0,001	0,000
16,5	0,005	0,005	0,052
16,7	0,003	0,000	0,000
16,8	0,005	-0,002	0,000
17,0	0,010	0,007	0,000
17,1	0,016	0,016	0,035
17,2	0,020	0,012	0,000
17,4	0,019	-0,003	0,000
17,5	0,015	-0,013	0,000
17,7	0,009	-0,010	0,017
17,8	0,005	-0,001	0,000
17,9	0,003	-0,001	0,017
18,1	0,005	-0,005	0,000
18,2	0,011	0,000	0,000
18,3	0,018	0,015	0,000
18,5	0,025	0,024	0,017
18,6	0,030	0,011	0,000
18,8	0,030	-0,015	0,070
18,9	0,027	-0,027	0,000
19,0	0,020	-0,015	0,035
19,2	0,014	0,004	0,000
19,3	0,010	0,008	0,017
19,5	0,010	-0,005	0,000
19,6	0,013	-0,014	0,000
19,7	0,018	-0,005	0,000
19,9	0,021	0,013	0,052
20,0	0,022	0,020	0,000
20,2	0,019	0,010	0,000
20,3	0,014	-0,004	0,000
20,4	0,009	-0,009	0,035
20,6	0,005	-0,004	0,000
20,7	0,003	0,001	0,000
20,8	0,003	-0,001	0,000
21,0	0,004	-0,005	0,000
21,1	0,005	-0,005	0,000
21,3	0,006	0,001	0,000
21,4	0,007	0,006	0,000
21,5	0,007	0,005	0,035
21,7	0,007	0,000	0,000
21,8	0,006	-0,004	0,017
22,0	0,004	-0,004	0,000
22,1	0,003	-0,003	0,035
22,2	0,002	-0,002	0,000
22,4	0,002	-0,001	0,000
22,5	0,002	0,001	0,000
22,7	0,003	0,003	0,017
22,8	0,004	0,004	0,000
22,9	0,005	0,002	0,000
23,1	0,004	-0,001	0,017
23,2	0,004	-0,002	0,052
23,4	0,003	-0,002	0,000
23,5	0,002	-0,002	0,000
23,6	0,002	-0,002	0,000
23,8	0,003	-0,001	0,035
23,9	0,004	0,002	0,000
24,0	0,006	0,006	0,017
24,2	0,007	0,004	0,000
24,3	0,006	-0,001	0,017
24,5	0,005	-0,005	0,000
24,6	0,004	-0,003	0,035
24,7	0,003	0,001	0,000
24,9	0,004	0,002	0,000
25,0	0,005	-0,002	0,000
25,2	0,006	-0,006	0,000
25,3	0,006	-0,005	0,000
25,4	0,005	0,000	0,070
25,6	0,004	0,004	0,000
25,7	0,003	0,002	0,000
25,9	0,002	-0,001	0,000
26,0	0,002	-0,001	0,035
26,1	0,002	0,001	0,000
26,3	0,003	0,001	0,035
26,4	0,005	-0,002	0,017
26,5	0,006	-0,006	0,017
26,7	0,006	-0,006	0,000
26,8	0,006	-0,003	0,017
27,0	0,005	0,000	0,000
27,1	0,004	0,003	0,000
27,2	0,005	0,004	0,000
27,4	0,006	0,005	0,000
27,5	0,006	0,006	0,000
27,7	0,006	0,004	0,105
27,8	0,005	0,001	0,000
27,9	0,003	-0,001	0,017
28,1	0,002	-0,001	0,000
28,2	0,002	0,000	0,017
28,4	0,002	0,000	0,000
28,5	0,003	0,000	0,017
28,6	0,003	-0,001	0,000
28,8	0,002	-0,001	0,035
28,9	0,002	0,000	0,000
29,1	0,002	0,000	0,070
29,2	0,002	0,000	0,000
29,3	0,003	0,000	0,017
29,5	0,004	-0,002	0,945
29,6	0,004	-0,003	3,307
29,7	0,004	-0,004	5,512
29,9	0,003	-0,003	6,929
30,0	0,003	-0,001	7,717
30,2	0,004	0,001	8,276
30,3	0,005	0,004	8,504
30,4	0,006	0,006	8,731
30,6	0,007	0,007	8,819
30,7	0,009	0,007	8,889
30,9	0,010	0,006	8,959
31,0	0,011	0,002	8,976
31,1	0,011	-0,001	8,976
31,3	0,011	-0,005	8,994
31,4	0,011	-0,008	8,976
31,6	0,011	-0,010	8,976
31,7	0,011	-0,011	8,976
31,8	0,011	-0,010	8,994
32,0	0,010	-0,008	8,994
32,1	0,010	-0,004	9,116
32,2	0,009	0,002	9,046
32,4	0,010	0,007	9,099
32,5	0,010	0,010	9,081
32,7	0,011	0,008	9,116
32,8	0,010	0,002	9,134
32,9	0,008	-0,005	9,081
33,1	0,006	-0,006	9,116
33,2	0,004	-0,002	9,134
33,4	0,005	0,004	9,116
33,5	0,008	0,005	9,134
33,6	0,011	-0,001	9,134
33,8	0,013	-0,009	9,134
33,9	0,013	-0,012	9,134
34,1	0,010	-0,009	9,134
34,2	0,007	-0,004	9,134
34,3	0,005	-0,001	9,134
34,5	0,004	0,000	9,134
34,6	0,005	0,002	9,134
34,8	0,006	0,005	9,134
34,9	0,008	0,008	9,134
35,0	0,010	0,007	9,134
35,2	0,012	0,003	9,134
35,3	0,013	-0,004	9,134
35,4	0,014	-0,010	9,134
35,6	0,013	-0,012	9,134
35,7	0,012	-0,012	9,134
35,9	0,010	-0,009	9,134
36,0	0,009	-0,008	9,134
36,1	0,010	-0,007	9,134
36,3	0,011	-0,005	9,134
36,4	0,012	0,000	9,134
36,6	0,013	0,007	9,186
36,7	0,013	0,011	9,151
36,8	0,012	0,012	9,169
37,0	0,011	0,009	9,151
37,1	0,010	0,006	9,239
37,3	0,011	0,002	9,186
37,4	0,011	-0,003	9,274
37,5	0,011	-0,007	9,291
37,7	0,008	-0,009	9,291
37,8	0,006	-0,006	9,274
37,9	0,003	-0,001	9,291
38,1	0,003	0,001	9,291
38,2	0,004	-0,002	9,291
38,4	0,006	-0,006	9,291
38,5	0,008	-0,007	9,291
38,6	0,007	-0,005	9,291
38,8	0,005	-0,001	9,291
38,9	0,003	0,001	9,291
39,1	0,001	0,001	9,291
39,2	0,001	-0,001	9,291
39,3	0,002	-0,001	9,291
39,5	0,004	0,000	9,291
39,6	0,005	0,004	9,291
39,8	0,006	0,006	9,291
39,9	0,007	0,006	9,291
40,0	0,008	0,003	9,291
40,2	0,008	-0,001	9,291
40,3	0,007	-0,005	9,291
40,4	0,006	-0,006	9,326
40,6	0,004	-0,004	9,291
40,7	0,002	-0,002	9,361
40,9	0,001	0,000	9,309
41,0	0,001	0,000	9,379
41,1	0,002	-0,001	9,309
41,3	0,002	-0,002	9,361
41,4	0,002	-0,002	9,396
41,6	0,002	0,000	9,414
41,7	0,001	0,001	9,326
41,8	0,001	0,001	9,431
42,0	0,002	0,000	9,449
42,1	0,003	0,000	9,449
42,3	0,005	0,000	9,449
42,4	0,006	-0,002	9,449
42,5	0,008	-0,005	9,449
42,7	0,009	-0,008	9,449
42,8	0,009	-0,009	9,449
43,0	0,008	-0,007	9,449
43,1	0,007	-0,004	9,449
43,2	0,005	-0,001	9,449
43,4	0,004	0,000	9,449
43,5	0,004	0,002	9,449
43,6	0,004	0,004	9,449
43,8	0,005	0,004	9,449
43,9	0,005	0,002	9,449
44,1	0,005	-0,001	9,449
44,2	0,005	-0,003	9,449
44,3	0,005	-0,003	9,449
44,5	0,006	-0,004	9,449
44,6	0,007	-0,006	9,449
44,8	0,008	-0,008	9,449
44,9	0,008	-0,007	9,466
45,0	0,007	-0,003	9,466
45,2	0,005	0,000	9,449
45,3	0,003	0,001	9,466
45,5	0,001	0,000	9,536
45,6	0,001	0,000	9,501
45,7	0,001	0,001	9,519
45,9	0,001	0,001	9,484
46,0	0,001	0,000	9,554
46,1	0,001	0,000	9,519
46,3	0,001	0,000	9,536
46,4	0,002	0,001	9,571
46,6	0,004	0,000	9,589
46,7	0,006	-0,003	9,606
46,8	0,007	-0,006	9,606
47,0	0,006	-0,006	9,606
47,1	0,005	-0,004	9,606
47,3	0,003	-0,001	9,606
47,4	0,001	0,000	9,606
47,5	0,001	0,000	9,606
47,7	0,000	0,000	9,606
47,8	0,001	0,000	9,606
48,0	0,002	0,001	9,606
48,1	0,003	0,001	9,606
48,2	0,004	-0,001	9,606
48,4	0,006	-0,004	9,606
48,5	0,007	-0,006	9,606
48,6	0,008	-0,008	9,606
48,8	0,008	-0,007	9,606
48,9	0,007	-0,004	9,606
49,1	0,005	-0,001	9,606
49,2	0,004	0,001	9,606
49,3	0,003	0,001	9,624
49,5	0,002	0,001	9,606
49,6	0,001	0,001	9,606
49,8	0,001	0,000	9,606
49,9	0,000	0,000	9,676
50,0	0,001	0,000	9,606
50,2	0,002	0,002	9,676
50,3	0,003	0,002	9,641
50,5	0,004	-0,001	9,729
50,6	0,005	-0,004	9,694
50,7	0,005	-0,005	9,764
50,9	0,004	-0,003	9,746
51,0	0,004	-0,003	9,764
51,2	0,003	-0,004	9,729
51,3	0,003	-0,004	9,764
51,4	0,004	-0,004	9,764
51,6	0,006	-0,006	9,764
51,7	0,009	-0,009	9,764
51,8	0,010	-0,007	9,764
52,0	0,009	0,001	9,764
52,1	0,007	0,006	9,764
52,3	0,005	0,002	9,764
52,4	0,005	-0,006	9,764
52,5	0,007	-0,003	9,764
52,7	0,010	0,007	9,764
52,8	0,011	0,008	9,764
53,0	0,011	-0,004	9,764
53,1	0,009	-0,012	9,764
53,2	0,010	-0,002	9,764
53,4	0,013	0,009	9,764
53,5	0,019	-0,004	9,764
53,7	0,023	-0,026	9,764
53,8	0,025	-0,018	9,764
53,9	0,027	0,016	9,764
54,1	0,035	0,016	9,816
54,2	0,054	-0,043	9,764
54,3	0,088	-0,083	9,851
54,5	0,134	-0,003	9,834
54,6	0,184	0,153	9,851
54,8	0,230	0,202	9,816
54,9	0,270	0,029	9,904
55,0	0,301	-0,232	9,904
55,2	0,322	-0,316	9,921
55,3	0,326	-0,128	9,904
55,5	0,306	0,146	9,921
55,6	0,256	0,249	9,921
55,7	0,185	0,137	9,921
55,9	0,109	-0,016	9,921
56,0	0,054	-0,050	9,921
56,2	0,033	0,007	9,921
56,3	0,042	0,033	9,921
56,4	0,062	-0,014	9,921
56,6	0,073	-0,065	9,921
56,7	0,064	-0,058	9,921
56,9	0,042	-0,017	9,921
57,0	0,022	0,002	9,921
57,1	0,016	-0,010	9,921
57,3	0,024	-0,015	9,921
57,4	0,035	0,005	9,921
57,5	0,037	0,027	9,921
57,7	0,029	0,027	9,939
57,8	0,017	0,014	9,921
58,0	0,011	0,010	9,991
58,1	0,013	0,016	10,009
58,2	0,018	0,014	9,991
58,4	0,020	0,000	9,991
58,5	0,016	-0,010	10,079
58,7	0,009	-0,008	10,079
58,8	0,004	-0,003	10,079
58,9	0,004	-0,005	10,079
59,1	0,010	-0,011	10,044
59,2	0,015	-0,008	10,061
59,4	0,018	0,005	10,079
59,5	0,018	0,016	10,061
59,6	0,015	0,012	10,079
59,8	0,012	-0,001	10,079
59,9	0,010	-0,009	10,079
60,0	0,007	-0,007	10,079
60,2	0,005	-0,003	10,079
60,3	0,005	-0,004	10,079
60,5	0,007	-0,008	10,079
60,6	0,010	-0,008	10,079
60,7	0,013	-0,001	10,079
60,9	0,013	0,006	10,079
61,0	0,010	0,008	10,079
61,2	0,007	0,007	10,079
61,3	0,006	0,006	10,079
61,4	0,007	0,008	10,079
61,6	0,011	0,010	10,079
61,7	0,014	0,008	10,079
61,9	0,015	-0,001	10,114
62,0	0,014	-0,009	10,096
62,1	0,011	-0,012	10,184
62,3	0,008	-0,009	10,079
62,4	0,007	-0,006	10,096
62,5	0,009	-0,008	10,079
62,7	0,013	-0,011	10,114
62,8	0,018	-0,005	10,079
63,0	0,022	0,010	10,131
63,1	0,023	0,022	10,096
63,2	0,023	0,018	10,131
63,4	0,021	0,000	10,131
63,5	0,019	-0,016	10,236
63,7	0,016	-0,014	10,236
63,8	0,015	0,001	10,236
63,9	0,013	0,012	10,236
64,1	0,012	0,007	10,236
64,2	0,013	-0,007	10,236
64,4	0,015	-0,015	10,236
64,5	0,017	-0,008	10,236
64,6	0,018	0,007	10,236
64,8	0,018	0,016	10,236
64,9	0,015	0,014	10,236
65,1	0,011	0,007	10,236
65,2	0,007	0,001	10,219
65,3	0,005	-0,001	10,254
65,5	0,004	0,000	10,271
65,6	0,005	0,000	10,254
65,7	0,007	-0,002	10,236
65,9	0,009	-0,007	10,236
66,0	0,010	-0,010	10,254
66,2	0,011	-0,008	10,236
66,3	0,010	-0,001	10,236
66,4	0,009	0,006	10,236
66,6	0,008	0,007	10,236
66,7	0,007	0,001	10,236
66,9	0,008	-0,007	10,289
67,0	0,009	-0,008	10,306
67,1	0,011	0,000	10,376
67,3	0,013	0,009	10,359
67,4	0,012	0,012	10,289
67,6	0,010	0,006	10,254
67,7	0,006	0,000	10,394
67,8	0,003	-0,002	10,359
68,0	0,003	0,000	10,394
68,1	0,004	0,001	10,394
68,2	0,006	-0,002	10,394
68,4	0,008	-0,007	10,394
68,5	0,009	-0,009	10,376
68,7	0,008	-0,006	10,394
68,8	0,006	-0,002	10,394
68,9	0,005	0,000	10,394
69,1	0,004	0,001	10,394
69,2	0,004	0,002	10,394
69,4	0,003	0,003	10,394
69,5	0,003	0,002	10,394
69,6	0,002	0,000	10,394
69,8	0,002	-0,002	10,394
69,9	0,002	-0,001	10,394
70,1	0,003	0,001	10,394
70,2	0,003	0,003	10,394
70,3	0,003	0,003	10,394
70,5	0,002	0,001	10,394
70,6	0,001	0,000	10,394
70,8	0,001	-0,001	10,394
70,9	0,001	-0,001	10,394
71,0	0,001	-0,001	10,429
71,2	0,001	-0,001	10,394
71,3	0,001	-0,001	10,411
71,4	0,001	-0,001	10,394
71,6	0,002	-0,001	10,464
71,7	0,002	0,000	10,394
71,9	0,002	0,001	10,516
72,0	0,002	0,002	10,534
72,1	0,002	0,002	10,551
72,3	0,001	0,001	10,534
72,4	0,000	0,000	10,551
72,6	0,000	0,000	10,551
72,7	0,000	0,000	10,551
72,8	0,001	0,000	10,551
73,0	0,001	-0,001	10,551
73,1	0,001	-0,001	10,551
73,3	0,001	-0,001	10,551
73,4	0,001	-0,001	10,551
73,5	0,002	-0,001	10,551
73,7	0,004	-0,001	10,551
73,8	0,005	0,001	10,551
73,9	0,006	0,005	10,551
74,1	0,006	0,006	10,551
74,2	0,006	0,003	10,551
74,4	0,006	-0,003	10,551
74,5	0,006	-0,006	10,551
74,6	0,007	-0,003	10,551
74,8	0,008	0,003	10,551
74,9	0,008	0,007	10,551
75,1	0,006	0,006	10,551
75,2	0,004	0,001	10,551
75,3	0,002	-0,001	10,551
75,5	0,003	0,002	10,656
75,6	0,004	0,005	10,569
75,8	0,005	0,003	10,639
75,9	0,005	-0,002	10,604
76,0	0,004	-0,003	10,674
76,2	0,002	0,000	10,656
76,3	0,002	0,002	10,621
76,4	0,002	-0,001	10,674
76,6	0,004	-0,004	10,709
76,7	0,006	0,000	10,674
76,9	0,006	0,006	10,691
77,0	0,006	0,005	10,709
77,1	0,006	-0,003	10,709
77,3	0,006	-0,006	10,709
77,4	0,007	0,002	10,709
77,6	0,007	0,007	10,709
77,7	0,009	0,000	10,709
77,8	0,010	-0,010	10,709
78,0	0,011	-0,005	10,709
78,1	0,012	0,009	10,709
78,3	0,013	0,009	10,709
78,4	0,015	-0,009	10,709
78,5	0,018	-0,017	10,709
78,7	0,020	0,004	10,709
78,8	0,023	0,022	10,709
79,0	0,025	0,004	10,709
79,1	0,027	-0,026	10,709
79,2	0,031	-0,015	10,709
79,4	0,036	0,028	10,709
79,5	0,042	0,031	10,709
79,6	0,049	-0,025	10,709
79,8	0,054	-0,051	10,709
79,9	0,061	0,015	10,761
80,1	0,077	0,073	10,709
80,2	0,112	-0,018	10,744
80,3	0,176	-0,178	10,709
80,5	0,270	-0,127	10,849
80,6	0,387	0,221	10,726
80,8	0,512	0,507	10,709
80,9	0,629	0,287	10,744
81,0	0,725	-0,358	10,866
81,2	0,787	-0,787	10,866
81,3	0,803	-0,508	10,849
81,5	0,762	0,210	10,726
81,6	0,663	0,630	10,866
81,7	0,521	0,400	10,866
81,9	0,369	-0,085	10,866
82,0	0,251	-0,246	10,866
82,1	0,196	-0,009	10,866
82,3	0,202	0,207	10,866
82,4	0,238	0,104	10,866
82,6	0,258	-0,152	10,866
82,7	0,235	-0,229	10,866
82,8	0,174	-0,080	10,866
83,0	0,104	0,063	10,866
83,1	0,059	0,045	10,866
83,3	0,052	-0,044	10,866
83,4	0,071	-0,048	10,866
83,5	0,087	0,031	10,866
83,7	0,081	0,077	10,866
83,8	0,055	0,045	10,866
84,0	0,027	0,002	10,866
84,1	0,015	0,008	10,901
84,2	0,025	0,030	10,866
84,4	0,044	0,012	10,954
84,5	0,058	-0,034	10,866
84,7	0,055	-0,050	10,936
84,8	0,040	-0,020	10,901
84,9	0,022	0,013	10,919
85,1	0,012	0,012	10,884
85,2	0,011	-0,008	10,936
85,3	0,017	-0,011	10,901
85,5	0,023	0,008	11,024
85,6	0,026	0,024	11,024
85,8	0,024	0,018	11,006
85,9	0,020	-0,001	10,936
86,0	0,016	-0,013	11,024
86,2	0,013	-0,012	11,024
86,3	0,010	-0,008	11,024
86,5	0,009	-0,007	11,024
86,6	0,009	-0,005	11,024
86,7	0,010	0,000	11,024
86,9	0,010	0,007	11,024
87,0	0,010	0,009	11,024
87,2	0,008	0,006	11,024
87,3	0,006	0,000	11,024
87,4	0,004	-0,004	11,024
87,6	0,004	-0,003	11,024
87,7	0,005	0,003	11,024
87,8	0,007	0,007	11,024
88,0	0,009	0,004	11,024
88,1	0,011	-0,004	11,024
88,3	0,011	-0,010	11,024
88,4	0,009	-0,009	11,024
88,5	0,007	-0,003	11,024
88,7	0,005	0,000	11,024
88,8	0,004	-0,001	11,024
89,0	0,005	-0,002	11,024
89,1	0,006	0,001	11,024
89,2	0,008	0,005	11,024
89,4	0,009	0,008	11,059
89,5	0,009	0,008	11,041
89,7	0,008	0,004	11,094
89,8	0,007	0,000	11,111
89,9	0,006	-0,004	11,164
90,1	0,004	-0,005	11,129
90,2	0,002	-0,002	11,181
90,3	0,002	0,000	11,181
90,5	0,003	-0,003	11,181
90,6	0,007	-0,008	11,164
90,8	0,011	-0,008	11,181
90,9	0,015	0,000	11,181
91,0	0,016	0,011	11,181
91,2	0,015	0,016	11,181
91,3	0,013	0,009	11,181
91,5	0,011	-0,003	11,181
91,6	0,009	-0,008	11,181
91,7	0,006	-0,005	11,181
91,9	0,004	0,001	11,181
92,0	0,002	0,002	11,181
92,2	0,002	0,000	11,181
92,3	0,003	0,000	11,181
92,4	0,004	0,003	11,181
92,6	0,006	0,006	11,181
92,7	0,006	0,005	11,181
92,9	0,005	0,002	11,181
93,0	0,004	-0,001	11,216
93,1	0,002	-0,002	11,181
93,3	0,001	-0,001	11,181
93,4	0,002	-0,001	11,199
93,5	0,003	-0,001	11,304
93,7	0,004	0,001	11,251
93,8	0,005	0,005	11,339
94,0	0,006	0,006	11,269
94,1	0,006	0,004	11,321
94,2	0,005	0,000	11,339
94,4	0,004	-0,002	11,339
94,5	0,003	-0,003	11,321
94,7	0,002	-0,001	11,339
94,8	0,001	0,000	11,339
94,9	0,001	0,001	11,339
95,1	0,001	0,001	11,304
95,2	0,001	0,000	11,339
95,4	0,001	0,000	11,339
95,5	0,001	0,000	11,339
95,6	0,001	0,000	11,339
95,8	0,001	0,000	11,339
95,9	0,001	0,000	11,339
96,0	0,001	-0,001	11,339
96,2	0,001	0,000	11,339
96,3	0,002	0,001	11,339
96,5	0,003	0,001	11,339
96,6	0,005	-0,002	11,339
96,7	0,007	-0,006	11,339
96,9	0,008	-0,008	11,339
97,0	0,009	-0,007	11,339
97,2	0,009	-0,004	11,356
97,3	0,010	0,001	11,339
97,4	0,010	0,005	11,339
97,6	0,010	0,009	11,339
97,7	0,010	0,010	11,374
97,9	0,010	0,010	11,339
98,0	0,011	0,008	11,374
98,1	0,011	0,004	11,339
98,3	0,011	-0,002	11,391
98,4	0,011	-0,007	11,339
98,6	0,010	-0,010	11,374
98,7	0,009	-0,009	11,339
98,8	0,008	-0,007	11,339
99,0	0,007	-0,004	11,181
99,1	0,007	-0,001	11,181
99,2	0,007	0,002	11,094
99,4	0,008	0,005	10,621
99,5	0,008	0,008	6,824
99,7	0,008	0,007	3,307
99,8	0,007	0,003	2,012
99,9	0,006	-0,001	1,417
100,1	0,004	-0,003	1,032
100,2	0,003	-0,003	0,787
100,4	0,002	-0,001	0,630
100,5	0,001	-0,001	0,472
100,6	0,001	-0,001	0,315
100,8	0,001	-0,001	0,315
100,9	0,001	-0,001	0,280
101,1	0,001	-0,001	0,192
101,2	0,000	0,000	0,157
101,3	0,000	0,000	0,157
101,5	0,001	0,000	0,157
101,6	0,001	-0,001	0,157
101,7	0,001	-0,001	0,105
101,9	0,001	-0,001	0,070
102,0	0,001	0,000	0,035
102,2	0,001	-0,001	0,035
102,3	0,001	-0,001	0,000
102,4	0,001	-0,001	0,000
102,6	0,001	0,000	0,017
102,7	0,001	0,000	0,052
102,9	0,001	-0,001	0,017
103,0	0,001	-0,001	0,035
103,1	0,001	-0,001	0,017
103,3	0,001	0,000	0,035
103,4	0,001	-0,001	0,000
103,6	0,002	-0,002	0,052
103,7	0,004	0,000	0,000
103,8	0,006	0,004	0,017
104,0	0,008	0,007	0,000
104,1	0,009	0,006	0,000
104,2	0,009	-0,001	0,000
104,4	0,009	-0,008	0,000
104,5	0,008	-0,008	0,000
104,7	0,007	-0,003	0,000
104,8	0,005	0,002	0,000
104,9	0,003	0,003	0,000
105,1	0,001	0,001	0,000
105,2	0,001	-0,001	0,000
105,4	0,001	0,001	0,000
105,5	0,002	0,002	0,122
105,6	0,003	0,002	0,000
105,8	0,002	0,000	0,017
105,9	0,002	-0,001	0,000
106,1	0,001	-0,001	0,017
106,2	0,001	0,000	0,000
106,3	0,001	0,000	0,017
106,5	0,001	-0,001	0,000
106,6	0,001	-0,001	0,000
106,8	0,001	-0,001	0,000
106,9	0,001	0,000	0,052
107,0	0,001	0,000	0,000
107,2	0,001	-0,001	0,000
107,3	0,001	-0,001	0,000
107,4	0,001	0,000	0,000
107,6	0,001	0,000	0,000
107,7	0,000	0,000	0,035
107,9	0,000	0,000	0,000
108,0	0,000	0,000	0,035
108,1	0,001	-0,001	0,000
108,3	0,001	-0,001	0,035
108,4	0,001	-0,001	0,000
108,6	0,001	0,000	0,017
108,7	0,000	-0,001	0,000
108,8	0,000	-0,001	0,000
109,0	0,001	-0,001	0,000
109,1	0,001	0,000	0,035
109,3	0,001	-0,001	0,000
109,4	0,001	-0,001	0,070
109,5	0,000	-0,001	0,000
109,7	0,000	0,000	0,000
109,8	0,001	0,000	0,000
109,9	0,001	-0,001	0,000
110,1	0,001	-0,001	0,000
110,2	0,001	0,000	0,035
110,4	0,000	0,000	0,000
110,5	0,000	0,000	0,017
110,6	0,000	0,000	0,000
110,8	0,000	0,000	0,017
110,9	0,001	-0,001	0,000
111,1	0,001	-0,001	0,017
111,2	0,001	-0,001	0,000
111,3	0,000	0,000	0,000
111,5	0,000	0,000	0,000
111,6	0,000	0,000	0,035
111,8	0,000	0,000	0,000
111,9	0,000	0,000	0,035
112,0	0,000	0,000	0,000
112,2	0,000	0,000	0,035
112,3	0,000	0,000	0,000
112,5	0,000	0,000	0,000
112,6	0,000	-0,001	0,000
112,7	0,001	-0,001	0,035
112,9	0,001	0,000	0,000
113,0	0,001	0,000	0,035
113,1	0,000	0,000	0,000
113,3	0,000	-0,001	0,017
113,4	0,001	-0,001	0,000
113,6	0,001	0,000	0,000
113,7	0,001	0,000	0,017
113,8	0,001	0,000	0,000
114,0	0,000	-0,001	0,000
114,1	0,000	0,000	0,035
114,3	0,001	0,000	0,000
114,4	0,001	0,000	0,017
114,5	0,001	0,000	0,000
114,7	0,001	-0,001	0,017
114,8	0,001	0,000	0,000
115,0	0,001	0,000	0,000
115,1	0,001	0,000	0,000
115,2	0,001	-0,001	0,017
115,4	0,001	-0,001	0,000
115,5	0,001	0,000	0,017
115,6	0,000	0,000	0,000
115,8	0,000	0,000	0,000
115,9	0,000	0,000	0,000
116,1	0,000	0,000	0,017
116,2	0,000	-0,001	0,000
116,3	0,001	-0,001	0,017
116,5	0,001	0,000	0,000
116,6	0,001	0,000	0,035
116,8	0,001	0,000	0,000
116,9	0,001	-0,001	0,000
117,0	0,001	0,000	0,000
117,2	0,001	0,000	0,035
117,3	0,001	0,000	0,000
117,5	0,001	0,000	0,070
117,6	0,001	-0,001	0,000
117,7	0,001	0,000	0,017
117,9	0,001	0,000	0,000
118,0	0,001	0,000	0,000
118,1	0,001	-0,001	0,000
118,3	0,001	-0,001	0,017
118,4	0,001	0,000	0,000
118,6	0,001	0,000	0,000
118,7	0,001	0,000	0,000
118,8	0,001	-0,001	0,035
119,0	0,001	-0,001	0,017
119,1	0,001	0,000	0,035
119,3	0,001	0,000	0,000
119,4	0,000	0,000	0,000
119,5	0,000	0,000	0,000
119,7	0,001	0,000	0,017
119,8	0,001	-0,001	0,000
120,0	0,001	-0,001	0,035
120,1	0,001	0,000	0,000
120,2	0,001	0,000	0,017
120,4	0,000	0,000	0,000
120,5	0,000	0,000	0,035
120,7	0,000	0,000	0,000
120,8	0,000	-0,001	0,052
120,9	0,001	0,000	0,000
121,1	0,000	0,000	0,017
121,2	0,000	0,000	0,000
121,3	0,001	-0,001	0,000
121,5	0,001	-0,001	0,000
121,6	0,001	0,000	0,017
121,8	0,001	0,000	0,000
121,9	0,001	0,000	0,017
122,0	0,000	0,000	0,000
122,2	0,000	0,000	0,070
122,3	0,000	-0,001	0,017
122,5	0,001	0,000	0,035
122,6	0,001	0,000	0,000
122,7	0,001	-0,001	0,052
122,9	0,001	-0,001	0,000
123,0	0,001	-0,001	0,017
123,2	0,001	-0,001	0,000
123,3	0,001	0,000	0,017
123,4	0,001	-0,001	0,000
123,6	0,001	-0,001	0,000
123,7	0,001	0,000	0,000
123,8	0,001	0,000	0,035
124,0	0,001	0,000	0,000
124,1	0,001	0,000	0,017
124,3	0,001	-0,001	0,000
124,4	0,001	-0,001	0,070
124,5	0,001	0,000	0,000
124,7	0,001	0,000	0,000
124,8	0,001	-0,001	0,000
125,0	0,001	-0,001	0,017
125,1	0,001	0,000	0,000
125,2	0,001	0,000	0,000
125,4	0,001	0,000	0,000
125,5	0,001	-0,001	0,070
125,7	0,001	-0,001	0,000
125,8	0,001	0,000	0,017
125,9	0,001	0,000	0,017
126,1	0,001	-0,001	0,017
126,2	0,001	-0,001	0,000
126,4	0,001	0,000	0,017
126,5	0,001	0,000	0,000
126,6	0,001	-0,001	0,035
126,8	0,001	-0,001	0,000
126,9	0,001	0,000	0,000
127,0	0,001	0,000	0,035
127,2	0,001	-0,001	0,035
127,3	0,001	-0,001	0,000
127,5	0,001	0,000	0,000
127,6	0,001	0,000	0,000
127,7	0,001	0,000	0,070
127,9	0,001	0,000	0,000
128,0	0,001	0,000	0,000
128,2	0,001	-0,001	0,000
128,3	0,001	-0,001	0,000
128,4	0,001	0,000	0,000
128,6	0,001	0,000	0,017
128,7	0,001	-0,001	0,000
128,9	0,001	-0,001	0,035
129,0	0,001	-0,001	0,000
129,1	0,001	0,000	0,017
129,3	0,001	-0,001	0,000
129,4	0,001	-0,001	0,000
129,5	0,001	-0,001	0,000
129,7	0,001	-0,001	0,017
129,8	0,001	-0,001	0,000
130,0	0,001	-0,001	0,035
130,1	0,001	-0,001	0,000
130,2	0,001	-0,001	0,000
130,4	0,001	-0,001	0,000
130,5	0,001	-0,001	0,017
130,7	0,001	-0,001	0,000
130,8	0,001	-0,001	0,017
130,9	0,001	-0,001	0,000
131,1	0,001	-0,001	0,052
131,2	0,001	-0,001	0,000
131,4	0,001	-0,001	0,000
131,5	0,001	-0,001	0,017
131,6	0,001	-0,001	0,052
131,8	0,001	-0,001	0,000
131,9	0,001	-0,001	0,017
132,0	0,001	-0,001	0,000
132,2	0,001	-0,001	0,035
132,3	0,001	-0,001	0,000
132,5	0,001	-0,001	0,035
132,6	0,001	0,000	0,000
132,7	0,001	0,000	0,035
132,9	0,001	0,000	0,000
133,0	0,001	-0,001	0,052
133,2	0,001	-0,001	0,017
133,3	0,001	-0,001	0,000
133,4	0,001	0,000	0,000
133,6	0,001	0,000	0,035
133,7	0,001	-0,001	0,000
133,9	0,001	-0,001	0,017
134,0	0,002	-0,001	0,000
134,1	0,002	0,000	0,017
134,3	0,001	0,000	0,000
134,4	0,001	-0,001	0,035
134,6	0,001	-0,001	0,000
134,7	0,001	0,000	0,000
134,8	0,002	0,000	0,017
135,0	0,002	-0,001	0,017
135,1	0,002	-0,002	0,000
135,2	0,002	0,000	0,017
135,4	0,002	0,001	0,000
135,5	0,002	0,000	0,035
135,7	0,003	-0,002	0,000
135,8	0,003	-0,001	0,017
135,9	0,003	0,002	0,000
136,1	0,003	0,002	0,052
136,2	0,004	-0,003	0,000
136,4	0,006	-0,005	0,017
136,5	0,008	0,002	0,000
136,6	0,009	0,009	0,035
136,8	0,009	0,005	0,000
136,9	0,007	-0,005	0,000
137,1	0,007	-0,007	0,000
137,2	0,008	0,003	0,017
137,3	0,009	0,007	0,000
137,5	0,011	-0,003	0,035
