depth[mm]	HF [V]	NF [V]	TGC [dB]
-1,4	0,326	0,064	0,000
-1,3	0,486	0,474	0,157
-1,1	0,656	0,448	-0,157
-1,0	0,757	-0,107	-0,157
-0,8	0,728	-0,617	0,367
-0,7	0,594	-0,620	0,630
-0,6	0,468	-0,380	0,315
-0,4	0,482	-0,390	0,000
-0,3	0,688	-0,485	-0,140
-0,1	1,003	-0,047	-0,157
0,0	1,253	0,868	0,000
0,1	1,299	1,258	0,175
0,3	1,145	0,463	0,140
0,4	0,948	-0,687	0,000
0,6	0,898	-0,742	-0,105
0,7	1,066	0,430	-0,105
0,8	1,341	1,316	0,000
1,0	1,518	0,681	0,157
1,1	1,459	-0,765	0,157
1,3	1,208	-1,274	0,035
1,4	0,955	-0,338	0,000
1,5	0,867	0,713	0,000
1,7	0,956	0,538	0,000
1,8	1,065	-0,520	0,157
1,9	1,019	-1,068	0,087
2,1	0,780	-0,568	0,000
2,2	0,487	0,126	0,000
2,4	0,335	0,109	0,000
2,5	0,408	-0,390	0,140
2,6	0,604	-0,514	0,122
2,8	0,730	-0,033	0,000
2,9	0,665	0,447	0,000
3,1	0,454	0,417	0,000
3,2	0,261	0,101	0,035
3,3	0,217	0,015	0,000
3,5	0,321	0,250	0,000
3,6	0,450	0,468	0,000
3,8	0,483	0,438	0,000
3,9	0,399	0,283	0,000
4,0	0,275	0,210	0,000
4,2	0,206	0,231	0,000
4,3	0,222	0,225	0,000
4,4	0,273	0,153	0,000
4,6	0,291	0,072	0,000
4,7	0,252	0,025	0,000
4,9	0,185	-0,007	0,000
5,0	0,138	-0,040	0,000
5,1	0,125	-0,063	0,000
5,3	0,126	-0,065	0,017
5,4	0,118	-0,055	0,017
5,6	0,098	-0,044	0,000
5,7	0,089	-0,041	0,000
5,8	0,106	-0,064	0,000
6,0	0,139	-0,120	0,000
6,1	0,160	-0,158	0,000
6,3	0,148	-0,115	0,000
6,4	0,116	0,000	0,000
6,5	0,092	0,083	0,000
6,7	0,095	0,047	0,000
6,8	0,120	-0,068	0,000
6,9	0,138	-0,137	0,000
7,1	0,128	-0,092	0,000
7,2	0,094	0,010	0,000
7,4	0,062	0,056	0,000
7,5	0,056	0,004	0,000
7,6	0,080	-0,079	0,000
7,8	0,111	-0,102	0,000
7,9	0,124	-0,038	0,035
8,1	0,108	0,050	0,000
8,2	0,073	0,078	0,000
8,3	0,042	0,032	0,000
8,5	0,030	-0,021	0,000
8,6	0,044	-0,004	0,000
8,8	0,075	0,068	0,000
8,9	0,112	0,097	0,000
9,0	0,146	0,018	0,000
9,2	0,167	-0,113	0,000
9,3	0,171	-0,169	0,017
9,5	0,154	-0,095	0,000
9,6	0,122	0,029	0,000
9,7	0,084	0,080	0,000
9,9	0,053	0,034	0,000
10,0	0,038	-0,027	0,000
10,1	0,037	-0,024	0,000
10,3	0,044	0,026	0,000
10,4	0,051	0,050	0,000
10,6	0,052	0,014	0,000
10,7	0,051	-0,037	0,000
10,8	0,049	-0,046	-0,017
11,0	0,048	-0,008	0,000
11,1	0,046	0,033	0,000
11,3	0,043	0,042	0,017
11,4	0,038	0,025	0,000
11,5	0,033	0,002	0,000
11,7	0,029	-0,015	0,000
11,8	0,026	-0,024	0,017
12,0	0,022	-0,022	0,000
12,1	0,016	-0,009	0,052
12,2	0,010	0,003	0,000
12,4	0,007	0,002	0,000
12,5	0,008	-0,010	0,000
12,6	0,014	-0,009	0,000
12,8	0,020	0,009	0,000
12,9	0,025	0,023	0,000
13,1	0,026	0,009	0,000
13,2	0,027	-0,020	0,000
13,3	0,029	-0,027	0,000
13,5	0,033	0,002	0,000
13,6	0,036	0,032	0,000
13,8	0,035	0,028	0,000
13,9	0,030	-0,005	0,000
14,0	0,023	-0,023	0,000
14,2	0,019	-0,006	0,000
14,3	0,019	0,017	0,000
14,5	0,022	0,015	0,000
14,6	0,024	-0,008	0,000
14,7	0,021	-0,020	0,000
14,9	0,015	-0,011	0,017
15,0	0,007	0,000	0,000
15,2	0,001	0,000	0,000
15,3	0,001	-0,001	0,000
15,4	0,005	0,004	0,000
15,6	0,010	0,005	0,000
15,7	0,013	-0,007	0,017
15,8	0,013	-0,014	0,000
16,0	0,013	0,001	0,017
16,1	0,016	0,015	0,000
16,3	0,024	-0,003	0,000
16,4	0,034	-0,034	0,000
16,5	0,043	-0,020	0,017
16,7	0,050	0,036	0,000
16,8	0,056	0,049	0,000
17,0	0,069	-0,026	0,000
17,1	0,094	-0,091	0,052
17,2	0,135	-0,013	0,000
17,4	0,190	0,165	0,000
17,5	0,252	0,214	0,000
17,7	0,312	-0,006	0,000
17,8	0,364	-0,313	0,000
17,9	0,404	-0,360	0,000
18,1	0,429	-0,042	0,000
18,2	0,438	0,346	0,000
18,3	0,433	0,405	0,000
18,5	0,416	0,071	0,035
18,6	0,393	-0,306	0,017
18,8	0,371	-0,340	0,000
18,9	0,357	-0,013	0,000
19,0	0,355	0,315	0,000
19,2	0,363	0,290	0,000
19,3	0,375	-0,060	0,000
19,5	0,385	-0,363	0,035
19,6	0,387	-0,298	0,000
19,7	0,375	0,056	0,000
19,9	0,350	0,324	0,000
20,0	0,313	0,247	0,000
20,2	0,270	-0,043	0,000
20,3	0,228	-0,218	0,000
20,4	0,192	-0,130	0,000
20,6	0,162	0,063	0,000
20,7	0,137	0,136	0,000
20,8	0,111	0,055	0,000
21,0	0,084	-0,042	0,000
21,1	0,057	-0,058	0,000
21,3	0,035	-0,026	0,000
21,4	0,022	-0,009	0,000
21,5	0,020	-0,006	0,000
21,7	0,025	0,011	0,000
21,8	0,031	0,031	0,000
22,0	0,033	0,020	0,000
22,1	0,030	-0,014	0,000
22,2	0,026	-0,025	0,000
22,4	0,021	-0,002	0,017
22,5	0,020	0,019	0,000
22,7	0,019	0,009	0,000
22,8	0,017	-0,012	0,000
22,9	0,015	-0,011	0,000
23,1	0,012	0,006	0,000
23,2	0,012	0,010	0,000
23,4	0,014	-0,007	0,000
23,5	0,018	-0,018	0,000
23,6	0,021	-0,005	0,000
23,8	0,020	0,015	0,035
23,9	0,017	0,017	0,000
24,0	0,011	0,005	0,000
24,2	0,007	-0,002	0,017
24,3	0,005	0,000	0,017
24,5	0,006	-0,001	0,000
24,6	0,008	-0,008	0,000
24,7	0,010	-0,009	0,000
24,9	0,010	0,000	0,017
25,0	0,010	0,009	0,000
25,2	0,011	0,003	0,000
25,3	0,013	-0,011	0,000
25,4	0,015	-0,015	0,052
25,6	0,016	-0,003	0,000
25,7	0,015	0,010	0,000
25,9	0,011	0,011	0,000
26,0	0,007	0,004	0,000
26,1	0,004	0,000	0,000
26,3	0,004	0,002	0,017
26,4	0,006	0,001	0,000
26,5	0,010	-0,006	0,017
26,7	0,012	-0,011	0,000
26,8	0,012	-0,009	0,017
27,0	0,010	-0,001	0,000
27,1	0,007	0,004	0,017
27,2	0,006	0,005	0,000
27,4	0,005	0,004	0,000
27,5	0,006	0,006	0,000
27,7	0,006	0,006	0,035
27,8	0,006	0,004	0,000
27,9	0,005	0,000	0,017
28,1	0,003	-0,001	0,000
28,2	0,001	0,000	0,000
28,4	0,001	0,001	0,000
28,5	0,001	0,001	0,000
28,6	0,002	0,001	0,000
28,8	0,003	0,002	0,017
28,9	0,005	0,001	0,000
29,1	0,005	-0,002	0,000
29,2	0,005	-0,004	0,000
29,3	0,003	-0,003	0,035
29,5	0,002	-0,001	1,102
29,6	0,001	0,001	3,622
29,7	0,001	0,000	5,669
29,9	0,001	0,001	7,069
30,0	0,001	0,002	7,857
30,2	0,001	0,000	8,346
30,3	0,003	-0,002	8,609
30,4	0,006	0,000	8,784
30,6	0,011	0,009	8,819
30,7	0,017	0,017	8,906
30,9	0,021	0,015	8,976
31,0	0,021	0,003	8,976
31,1	0,018	-0,009	8,976
31,3	0,013	-0,012	8,976
31,4	0,008	-0,007	8,976
31,6	0,007	-0,004	8,976
31,7	0,007	-0,007	8,976
31,8	0,010	-0,011	9,011
32,0	0,012	-0,012	9,046
32,1	0,015	-0,010	9,081
32,2	0,017	-0,003	9,029
32,4	0,020	0,011	9,064
32,5	0,024	0,024	9,081
32,7	0,027	0,022	9,116
32,8	0,030	-0,001	9,081
32,9	0,032	-0,025	9,134
33,1	0,030	-0,027	9,134
33,2	0,025	-0,007	9,134
33,4	0,018	0,012	9,134
33,5	0,013	0,015	9,134
33,6	0,012	0,011	9,134
33,8	0,018	0,014	9,134
33,9	0,028	0,014	9,134
34,1	0,042	-0,011	9,134
34,2	0,056	-0,051	9,134
34,3	0,066	-0,060	9,134
34,5	0,073	-0,011	9,134
34,6	0,076	0,055	9,134
34,8	0,072	0,069	9,134
34,9	0,064	0,016	9,134
35,0	0,054	-0,043	9,134
35,2	0,046	-0,039	9,134
35,3	0,044	0,015	9,134
35,4	0,050	0,049	9,134
35,6	0,059	0,016	9,134
35,7	0,065	-0,045	9,134
35,9	0,064	-0,063	9,134
36,0	0,054	-0,020	9,134
36,1	0,042	0,028	9,134
36,3	0,034	0,026	9,134
36,4	0,035	-0,019	9,151
36,6	0,045	-0,046	9,204
36,7	0,056	-0,017	9,134
36,8	0,064	0,038	9,169
37,0	0,064	0,062	9,134
37,1	0,056	0,030	9,291
37,3	0,044	-0,019	9,204
37,4	0,034	-0,035	9,256
37,5	0,028	-0,007	9,186
37,7	0,029	0,026	9,291
37,8	0,034	0,025	9,274
37,9	0,041	-0,008	9,291
38,1	0,045	-0,039	9,291
38,2	0,043	-0,040	9,291
38,4	0,035	-0,017	9,291
38,5	0,023	0,006	9,291
38,6	0,012	0,011	9,291
38,8	0,007	0,003	9,291
38,9	0,007	-0,002	9,291
39,1	0,011	0,003	9,291
39,2	0,015	0,013	9,291
39,3	0,018	0,018	9,291
39,5	0,018	0,013	9,291
39,6	0,016	0,003	9,291
39,8	0,014	-0,006	9,291
39,9	0,011	-0,011	9,291
40,0	0,009	-0,008	9,291
40,2	0,007	-0,001	9,291
40,3	0,007	0,005	9,291
40,4	0,008	0,006	9,291
40,6	0,009	0,000	9,291
40,7	0,011	-0,009	9,291
40,9	0,011	-0,011	9,309
41,0	0,011	-0,005	9,396
41,1	0,010	0,005	9,291
41,3	0,009	0,009	9,309
41,4	0,009	0,004	9,309
41,6	0,009	-0,005	9,361
41,7	0,009	-0,009	9,379
41,8	0,007	-0,005	9,431
42,0	0,006	0,002	9,449
42,1	0,005	0,005	9,449
42,3	0,006	0,002	9,414
42,4	0,008	-0,003	9,449
42,5	0,009	-0,008	9,449
42,7	0,008	-0,007	9,449
42,8	0,005	-0,003	9,449
43,0	0,003	0,000	9,449
43,1	0,002	0,001	9,449
43,2	0,003	-0,002	9,449
43,4	0,005	-0,005	9,449
43,5	0,007	-0,006	9,449
43,6	0,009	-0,001	9,449
43,8	0,010	0,007	9,449
43,9	0,011	0,011	9,449
44,1	0,013	0,008	9,449
44,2	0,014	-0,001	9,449
44,3	0,014	-0,010	9,449
44,5	0,011	-0,012	9,449
44,6	0,007	-0,006	9,449
44,8	0,004	-0,001	9,449
44,9	0,003	-0,001	9,449
45,0	0,004	-0,004	9,449
45,2	0,005	-0,005	9,466
45,3	0,006	-0,002	9,449
45,5	0,005	0,002	9,554
45,6	0,003	0,002	9,449
45,7	0,002	-0,001	9,536
45,9	0,002	-0,003	9,484
46,0	0,003	-0,002	9,571
46,1	0,003	0,001	9,484
46,3	0,002	0,002	9,589
46,4	0,002	0,001	9,571
46,6	0,001	0,001	9,589
46,7	0,002	0,000	9,571
46,8	0,002	-0,001	9,606
47,0	0,002	-0,003	9,606
47,1	0,002	-0,002	9,606
47,3	0,002	0,000	9,606
47,4	0,002	-0,001	9,606
47,5	0,002	-0,003	9,606
47,7	0,003	-0,002	9,606
47,8	0,005	0,003	9,606
48,0	0,008	0,007	9,606
48,1	0,010	0,003	9,606
48,2	0,013	-0,009	9,606
48,4	0,014	-0,015	9,606
48,5	0,015	-0,007	9,606
48,6	0,014	0,008	9,606
48,8	0,015	0,014	9,606
48,9	0,016	0,002	9,606
49,1	0,019	-0,015	9,624
49,2	0,021	-0,020	9,606
49,3	0,021	-0,008	9,606
49,5	0,020	0,010	9,606
49,6	0,016	0,016	9,641
49,8	0,013	0,009	9,606
49,9	0,010	-0,002	9,676
50,0	0,007	-0,006	9,606
50,2	0,004	-0,004	9,676
50,3	0,002	-0,001	9,659
50,5	0,000	0,000	9,729
50,6	0,001	0,002	9,729
50,7	0,004	0,002	9,746
50,9	0,008	-0,001	9,746
51,0	0,009	-0,007	9,746
51,2	0,008	-0,009	9,729
51,3	0,005	-0,005	9,764
51,4	0,004	0,000	9,764
51,6	0,006	-0,004	9,764
51,7	0,011	-0,012	9,764
51,8	0,016	-0,013	9,764
52,0	0,019	-0,001	9,764
52,1	0,019	0,013	9,764
52,3	0,016	0,015	9,764
52,4	0,012	0,004	9,764
52,5	0,009	-0,007	9,764
52,7	0,007	-0,007	9,764
52,8	0,005	-0,002	9,764
53,0	0,003	0,001	9,764
53,1	0,002	0,001	9,764
53,2	0,003	0,003	9,764
53,4	0,007	0,007	9,764
53,5	0,013	0,005	9,764
53,7	0,018	-0,007	9,764
53,8	0,022	-0,020	9,781
53,9	0,023	-0,022	9,764
54,1	0,020	-0,011	9,764
54,2	0,016	0,001	9,764
54,3	0,011	0,006	9,869
54,5	0,006	0,004	9,764
54,6	0,003	0,002	9,869
54,8	0,001	0,002	9,781
54,9	0,001	0,001	9,886
55,0	0,002	-0,001	9,869
55,2	0,004	-0,003	9,921
55,3	0,005	-0,001	9,921
55,5	0,004	0,001	9,921
55,6	0,003	0,002	9,921
55,7	0,002	0,001	9,921
55,9	0,002	0,000	9,921
56,0	0,002	0,000	9,921
56,2	0,002	0,000	9,921
56,3	0,003	0,000	9,921
56,4	0,003	0,000	9,921
56,6	0,002	0,001	9,939
56,7	0,002	0,001	9,921
56,9	0,003	0,000	9,921
57,0	0,004	0,001	9,921
57,1	0,004	0,002	9,939
57,3	0,004	0,004	9,921
57,4	0,003	0,004	9,939
57,5	0,002	0,002	9,939
57,7	0,002	0,000	10,026
57,8	0,001	-0,001	9,939
58,0	0,001	0,000	10,009
58,1	0,001	0,001	9,991
58,2	0,002	0,000	10,026
58,4	0,002	0,000	10,009
58,5	0,003	0,000	10,061
58,7	0,004	0,001	10,079
58,8	0,005	0,004	10,061
58,9	0,006	0,005	10,044
59,1	0,005	0,005	10,079
59,2	0,005	0,004	10,079
59,4	0,003	0,002	10,079
59,5	0,002	0,000	10,079
59,6	0,001	0,000	10,079
59,8	0,001	0,000	10,079
59,9	0,000	0,000	10,079
60,0	0,001	-0,001	10,079
60,2	0,001	-0,001	10,079
60,3	0,001	0,000	10,079
60,5	0,001	0,001	10,079
60,6	0,001	0,001	10,079
60,7	0,001	0,000	10,079
60,9	0,001	-0,001	10,079
61,0	0,003	-0,001	10,079
61,2	0,004	0,002	10,079
61,3	0,005	0,004	10,079
61,4	0,004	0,004	10,079
61,6	0,002	0,002	10,096
61,7	0,002	0,001	10,079
61,9	0,004	0,004	10,114
62,0	0,008	0,008	10,079
62,1	0,013	0,008	10,131
62,3	0,017	-0,001	10,114
62,4	0,021	-0,014	10,114
62,5	0,022	-0,022	10,131
62,7	0,022	-0,018	10,201
62,8	0,022	-0,006	10,131
63,0	0,020	0,008	10,096
63,1	0,019	0,016	10,096
63,2	0,017	0,017	10,184
63,4	0,016	0,012	10,096
63,5	0,015	0,003	10,236
63,7	0,016	-0,009	10,236
63,8	0,016	-0,016	10,236
63,9	0,016	-0,013	10,219
64,1	0,015	-0,002	10,236
64,2	0,013	0,008	10,219
64,4	0,011	0,011	10,236
64,5	0,008	0,006	10,219
64,6	0,006	-0,001	10,236
64,8	0,004	-0,003	10,236
64,9	0,003	-0,002	10,236
65,1	0,002	-0,001	10,236
65,2	0,002	0,001	10,236
65,3	0,002	0,001	10,236
65,5	0,002	0,002	10,236
65,6	0,002	0,002	10,236
65,7	0,001	0,001	10,236
65,9	0,000	0,000	10,236
66,0	0,000	0,000	10,236
66,2	0,000	0,000	10,236
66,3	0,000	0,000	10,236
66,4	0,001	0,000	10,254
66,6	0,001	-0,001	10,254
66,7	0,001	0,000	10,254
66,9	0,001	0,000	10,289
67,0	0,002	0,000	10,289
67,1	0,002	0,001	10,394
67,3	0,002	0,001	10,306
67,4	0,001	0,002	10,376
67,6	0,001	0,001	10,359
67,7	0,001	0,000	10,394
67,8	0,001	0,000	10,341
68,0	0,002	0,001	10,394
68,1	0,002	0,002	10,359
68,2	0,002	0,002	10,394
68,4	0,002	0,002	10,394
68,5	0,002	0,000	10,394
68,7	0,001	0,000	10,394
68,8	0,001	-0,001	10,394
68,9	0,001	-0,001	10,394
69,1	0,000	0,000	10,376
69,2	0,000	0,000	10,394
69,4	0,001	-0,001	10,394
69,5	0,001	-0,001	10,394
69,6	0,002	0,000	10,394
69,8	0,003	0,002	10,394
69,9	0,003	0,003	10,394
70,1	0,003	0,003	10,394
70,2	0,002	0,001	10,394
70,3	0,001	-0,001	10,394
70,5	0,001	-0,001	10,394
70,6	0,000	0,000	10,394
70,8	0,001	0,000	10,394
70,9	0,001	0,000	10,394
71,0	0,001	-0,001	10,429
71,2	0,000	0,000	10,394
71,3	0,000	0,000	10,429
71,4	0,000	0,000	10,394
71,6	0,001	-0,001	10,464
71,7	0,002	-0,001	10,394
71,9	0,002	0,000	10,499
72,0	0,002	0,001	10,516
72,1	0,002	0,002	10,551
72,3	0,002	0,002	10,464
72,4	0,002	0,002	10,551
72,6	0,002	0,002	10,551
72,7	0,002	0,002	10,551
72,8	0,002	0,001	10,551
73,0	0,001	0,000	10,551
73,1	0,001	-0,001	10,551
73,3	0,001	-0,001	10,551
73,4	0,001	0,000	10,551
73,5	0,000	0,000	10,551
73,7	0,000	0,000	10,551
73,8	0,001	0,000	10,551
73,9	0,001	0,000	10,551
74,1	0,002	0,001	10,551
74,2	0,002	0,002	10,551
74,4	0,002	0,002	10,551
74,5	0,002	0,001	10,551
74,6	0,001	0,000	10,551
74,8	0,001	0,001	10,481
74,9	0,002	0,002	10,394
75,1	0,002	0,002	10,394
75,2	0,003	0,001	10,271
75,3	0,003	-0,001	9,921
75,5	0,002	-0,002	6,929
75,6	0,002	-0,001	2,975
75,8	0,001	-0,001	1,575
75,9	0,001	-0,001	0,962
76,0	0,001	-0,001	0,787
76,2	0,001	0,000	0,577
76,3	0,001	0,000	0,455
76,4	0,001	0,000	0,315
76,6	0,000	-0,001	0,297
76,7	0,001	-0,001	0,157
76,9	0,001	0,000	0,157
77,0	0,001	0,001	0,157
77,1	0,001	-0,001	0,157
77,3	0,001	-0,001	0,122
77,4	0,001	0,000	0,122
77,6	0,001	0,001	0,035
77,7	0,001	0,000	0,035
77,8	0,002	-0,002	0,017
78,0	0,002	-0,001	0,000
78,1	0,002	0,001	0,000
78,3	0,002	0,002	0,017
78,4	0,003	-0,001	0,000
78,5	0,003	-0,003	0,035
78,7	0,004	0,000	0,000
78,8	0,004	0,004	0,035
79,0	0,005	0,002	0,000
79,1	0,005	-0,004	0,017
79,2	0,005	-0,004	0,000
79,4	0,006	0,004	0,017
79,5	0,007	0,007	0,000
79,6	0,009	-0,002	0,000
79,8	0,010	-0,009	0,000
79,9	0,011	0,000	0,017
80,1	0,013	0,013	0,000
80,2	0,019	0,002	0,000
80,3	0,031	-0,029	0,000
80,5	0,049	-0,031	0,000
80,6	0,072	0,028	0,000
80,8	0,097	0,096	0,000
80,9	0,121	0,080	0,000
81,0	0,142	-0,035	0,000
81,2	0,155	-0,145	0,000
81,3	0,159	-0,133	0,000
81,5	0,150	-0,007	0,000
81,6	0,129	0,102	0,000
81,7	0,097	0,094	0,000
81,9	0,066	0,010	0,000
82,0	0,043	-0,037	0,000
82,1	0,035	-0,005	0,000
82,3	0,042	0,044	0,000
82,4	0,054	0,034	0,000
82,6	0,060	-0,021	0,000
82,7	0,056	-0,052	0,035
82,8	0,041	-0,031	0,000
83,0	0,024	0,006	0,000
83,1	0,014	0,012	0,000
83,3	0,013	-0,009	0,000
83,4	0,019	-0,019	0,000
83,5	0,026	-0,003	0,000
83,7	0,028	0,018	0,000
83,8	0,023	0,022	0,000
84,0	0,015	0,012	0,000
84,1	0,009	0,003	0,000
84,2	0,007	0,002	0,000
84,4	0,008	0,001	0,017
84,5	0,010	-0,005	0,000
84,7	0,011	-0,010	0,000
84,8	0,008	-0,007	0,000
84,9	0,005	-0,001	0,017
85,1	0,003	0,002	0,000
85,2	0,002	-0,001	0,000
85,3	0,003	-0,003	0,000
85,5	0,005	0,000	0,052
85,6	0,006	0,005	0,000
85,8	0,006	0,005	0,000
85,9	0,005	0,001	0,000
86,0	0,005	-0,003	0,000
86,2	0,004	-0,004	0,000
86,3	0,003	-0,002	0,035
86,5	0,002	0,000	0,000
86,6	0,002	0,000	0,035
86,7	0,002	0,000	0,000
86,9	0,003	0,001	0,000
87,0	0,003	0,003	0,000
87,2	0,004	0,004	0,017
87,3	0,004	0,002	0,000
87,4	0,002	0,000	0,000
87,6	0,001	-0,001	0,000
87,7	0,001	0,000	0,070
87,8	0,001	0,000	0,000
88,0	0,002	0,000	0,000
88,1	0,002	-0,002	0,000
88,3	0,003	-0,003	0,000
88,4	0,002	-0,002	0,000
88,5	0,002	0,000	0,000
88,7	0,001	0,000	0,000
88,8	0,002	-0,001	0,017
89,0	0,002	0,000	0,000
89,1	0,003	0,001	0,017
89,2	0,004	0,003	0,000
89,4	0,004	0,004	0,000
89,5	0,003	0,002	0,000
89,7	0,002	0,001	0,000
89,8	0,002	-0,001	0,017
89,9	0,001	-0,001	0,035
90,1	0,001	-0,001	0,000
90,2	0,001	-0,001	0,000
90,3	0,001	-0,001	0,000
90,5	0,001	-0,001	0,017
90,6	0,001	-0,001	0,000
90,8	0,002	0,000	0,000
90,9	0,003	0,001	0,000
91,0	0,003	0,003	0,017
91,2	0,003	0,003	0,000
91,3	0,003	0,002	0,035
91,5	0,002	0,000	0,000
91,6	0,001	-0,001	0,000
91,7	0,001	0,000	0,000
91,9	0,000	0,000	0,000
92,0	0,000	0,000	0,000
92,2	0,000	0,000	0,087
92,3	0,000	0,000	0,000
92,4	0,000	0,000	0,017
92,6	0,000	0,000	0,000
92,7	0,000	0,000	0,000
92,9	0,000	0,000	0,000
93,0	0,000	0,000	0,000
93,1	0,000	0,000	0,000
93,3	0,000	0,000	0,000
93,4	0,000	0,000	0,000
93,5	0,000	0,000	0,017
93,7	0,000	0,000	0,000
93,8	0,000	0,000	0,000
94,0	0,000	0,000	0,000
94,1	0,000	0,000	0,000
94,2	0,000	0,000	0,000
94,4	0,000	0,000	0,052
94,5	0,000	0,000	0,000
94,7	0,000	0,000	0,017
94,8	0,000	0,000	0,000
94,9	0,000	0,000	0,000
95,1	0,000	0,000	0,000
95,2	0,000	0,000	0,000
95,4	0,000	0,000	0,000
95,5	0,000	0,000	0,017
95,6	0,000	0,000	0,000
95,8	0,000	0,000	0,000
95,9	0,000	0,000	0,000
96,0	0,000	0,000	0,017
96,2	0,000	0,000	0,000
96,3	0,000	0,000	0,000
96,5	0,000	0,000	0,000
96,6	0,000	0,000	0,035
96,7	0,000	0,000	0,000
96,9	0,000	0,000	0,000
97,0	0,000	0,000	0,000
97,2	0,001	0,000	0,035
97,3	0,001	0,000	0,000
97,4	0,001	0,000	0,017
97,6	0,001	0,000	0,000
97,7	0,001	0,001	0,017
97,9	0,001	0,000	0,000
98,0	0,001	0,000	0,000
98,1	0,001	0,000	0,000
98,3	0,001	-0,001	0,000
98,4	0,001	0,000	0,000
98,6	0,001	0,001	0,017
98,7	0,001	0,000	0,000
98,8	0,003	-0,002	0,017
99,0	0,004	-0,004	0,000
99,1	0,006	-0,003	0,000
99,2	0,007	0,002	0,000
99,4	0,007	0,006	0,017
99,5	0,006	0,006	0,000
99,7	0,005	0,003	0,000
99,8	0,004	0,000	0,000
99,9	0,002	-0,002	0,000
100,1	0,001	-0,001	0,000
100,2	0,001	0,000	0,000
100,4	0,001	0,000	0,000
100,5	0,001	-0,001	0,000
100,6	0,002	-0,002	0,000
100,8	0,003	-0,001	0,000
100,9	0,004	0,002	0,000
101,1	0,005	0,004	0,017
101,2	0,005	0,005	0,000
101,3	0,005	0,003	0,017
101,5	0,004	0,001	0,000
101,6	0,003	-0,001	0,017
101,7	0,002	-0,001	0,000
101,9	0,001	-0,001	0,000
102,0	0,001	0,000	0,000
102,2	0,000	0,000	0,070
102,3	0,000	0,000	0,000
102,4	0,000	0,000	0,000
102,6	0,000	0,000	0,000
102,7	0,000	0,000	0,017
102,9	0,000	0,000	0,000
103,0	0,000	0,000	0,000
103,1	0,000	0,000	0,000
103,3	0,000	0,000	0,000
103,4	0,000	0,000	0,000
103,6	0,000	0,000	0,000
103,7	0,000	0,000	0,000
103,8	0,000	0,000	0,035
104,0	0,000	0,000	0,000
104,1	0,000	0,000	0,000
104,2	0,000	0,000	0,000
104,4	0,000	0,000	0,000
104,5	0,000	0,000	0,000
104,7	0,000	0,000	0,000
104,8	0,000	0,000	0,000
104,9	0,000	0,000	0,035
105,1	0,000	0,000	0,000
105,2	0,001	0,000	0,000
105,4	0,001	0,001	0,017
105,5	0,001	0,000	0,070
105,6	0,000	0,000	0,000
105,8	0,000	0,000	0,000
105,9	0,000	0,000	0,000
106,1	0,000	0,000	0,035
106,2	0,000	0,000	0,000
106,3	0,000	0,000	0,000
106,5	0,000	0,000	0,000
106,6	0,000	0,000	0,000
106,8	0,000	0,000	0,000
106,9	0,000	0,000	0,000
107,0	0,000	0,000	0,000
107,2	0,000	0,000	0,017
107,3	0,000	0,000	0,000
107,4	0,001	0,000	0,017
107,6	0,000	0,000	0,000
107,7	0,000	0,000	0,000
107,9	0,000	0,000	0,000
108,0	0,000	0,000	0,017
108,1	0,000	0,000	0,000
108,3	0,000	0,000	0,000
108,4	0,000	0,000	0,000
108,6	0,000	0,000	0,000
108,7	0,000	0,000	0,000
108,8	0,000	0,000	0,052
109,0	0,000	0,000	0,000
109,1	0,000	0,000	0,000
109,3	0,000	0,000	0,000
109,4	0,000	0,000	0,017
109,5	0,000	0,000	0,000
109,7	0,000	0,000	0,000
109,8	0,000	0,000	0,000
109,9	0,000	0,000	0,035
110,1	0,000	0,000	0,000
110,2	0,000	0,000	0,035
110,4	0,000	0,000	0,000
110,5	0,000	0,000	0,017
110,6	0,000	0,000	0,000
110,8	0,000	0,000	0,000
110,9	0,000	0,000	0,000
111,1	0,000	0,000	0,000
111,2	0,000	0,000	0,000
111,3	0,000	0,000	0,000
111,5	0,000	0,000	0,000
111,6	0,000	0,000	0,017
111,8	0,000	0,000	0,000
111,9	0,000	0,000	0,000
112,0	0,000	0,000	0,000
112,2	0,000	0,000	0,000
112,3	0,000	0,000	0,000
112,5	0,000	0,000	0,017
112,6	0,000	0,000	0,000
112,7	0,000	0,000	0,000
112,9	0,000	0,000	0,000
113,0	0,000	0,000	0,052
113,1	0,000	0,000	0,000
113,3	0,000	0,000	0,035
113,4	0,000	0,000	0,000
113,6	0,000	0,000	0,000
113,7	0,000	0,000	0,000
113,8	0,000	0,000	0,035
114,0	0,000	0,000	0,000
114,1	0,000	0,000	0,000
114,3	0,000	0,000	0,000
114,4	0,000	0,000	0,035
114,5	0,000	0,000	0,000
114,7	0,000	0,000	0,000
114,8	0,000	0,000	0,000
115,0	0,000	0,000	0,017
115,1	0,000	0,000	0,000
115,2	0,000	0,000	0,000
115,4	0,000	0,000	0,000
115,5	0,000	0,000	0,052
115,6	0,000	0,000	0,000
115,8	0,000	0,000	0,000
115,9	0,000	0,000	0,000
116,1	0,000	0,000	0,000
116,2	0,000	0,000	0,000
116,3	0,000	0,000	0,000
116,5	0,000	0,000	0,000
116,6	0,000	0,000	0,017
116,8	0,000	0,000	0,000
116,9	0,000	0,000	0,000
117,0	0,000	0,000	0,017
117,2	0,000	0,000	0,000
117,3	0,000	0,000	0,000
117,5	0,000	0,000	0,000
117,6	0,000	0,000	0,000
117,7	0,000	0,000	0,000
117,9	0,000	0,000	0,000
118,0	0,000	0,000	0,017
118,1	0,000	0,000	0,000
118,3	0,000	0,000	0,000
118,4	0,000	0,000	0,000
118,6	0,000	0,000	0,017
118,7	0,000	0,000	0,000
118,8	0,000	0,000	0,035
119,0	0,000	0,000	0,000
119,1	0,000	0,000	0,035
119,3	0,000	0,000	0,000
119,4	0,000	0,000	0,000
119,5	0,000	0,000	0,000
119,7	0,000	0,000	0,017
119,8	0,000	0,000	0,000
120,0	0,000	0,000	0,000
120,1	0,000	0,000	0,000
120,2	0,000	0,000	0,000
120,4	0,000	0,000	0,000
120,5	0,000	0,000	0,017
120,7	0,000	0,000	0,000
120,8	0,000	0,000	0,000
120,9	0,000	0,000	0,000
121,1	0,000	0,000	0,017
121,2	0,000	0,000	0,000
121,3	0,000	0,000	0,000
121,5	0,000	0,000	0,000
121,6	0,000	0,000	0,000
121,8	0,000	0,000	0,000
121,9	0,000	0,000	0,017
122,0	0,000	0,000	0,000
122,2	0,000	0,000	0,017
122,3	0,000	0,000	0,000
122,5	0,000	0,000	0,017
122,6	0,000	0,000	0,000
122,7	0,000	0,000	0,035
122,9	0,000	0,000	0,000
123,0	0,000	0,000	0,017
123,2	0,000	0,000	0,000
123,3	0,000	0,000	0,052
123,4	0,000	0,000	0,000
123,6	0,000	0,000	0,017
123,7	0,000	0,000	0,000
123,8	0,000	0,000	0,000
124,0	0,000	0,000	0,000
124,1	0,000	0,000	0,035
124,3	0,000	0,000	0,000
124,4	0,000	0,000	0,000
124,5	0,000	0,000	0,000
124,7	0,000	0,000	0,000
124,8	0,000	0,000	0,000
125,0	0,000	0,000	0,000
125,1	0,000	0,000	0,000
125,2	0,000	0,000	0,000
125,4	0,000	0,000	0,000
125,5	0,000	0,000	0,035
125,7	0,000	0,000	0,000
125,8	0,000	0,000	0,000
125,9	0,000	0,000	0,000
126,1	0,000	0,000	0,017
126,2	0,000	0,000	0,000
126,4	0,000	0,000	0,000
126,5	0,000	0,000	0,000
126,6	0,000	0,000	0,000
126,8	0,000	0,000	0,000
126,9	0,000	0,000	0,000
127,0	0,000	0,000	0,000
127,2	0,000	0,000	0,017
127,3	0,000	0,000	0,000
127,5	0,000	0,000	0,000
127,6	0,000	0,000	0,000
127,7	0,000	0,000	0,035
127,9	0,000	0,000	0,000
128,0	0,000	0,000	0,000
128,2	0,000	0,000	0,000
128,3	0,000	0,000	0,017
128,4	0,000	0,000	0,000
128,6	0,000	0,000	0,000
128,7	0,000	0,000	0,000
128,9	0,000	0,000	0,000
129,0	0,000	0,000	0,000
129,1	0,000	0,000	0,000
129,3	0,000	0,000	0,000
129,4	0,000	0,000	0,000
129,5	0,000	0,000	0,000
129,7	0,000	0,000	0,000
129,8	0,000	0,000	0,017
130,0	0,000	0,000	0,017
130,1	0,000	0,000	0,000
130,2	0,000	0,000	0,017
130,4	0,000	0,000	0,000
130,5	0,000	0,000	0,017
130,7	0,000	0,000	0,000
130,8	0,000	0,000	0,000
130,9	0,000	0,000	0,000
131,1	0,000	0,000	0,000
131,2	0,000	0,000	0,000
131,4	0,000	0,000	0,000
131,5	0,000	0,000	0,000
131,6	0,000	0,000	0,000
131,8	0,000	0,000	0,000
131,9	0,000	0,000	0,017
132,0	0,000	0,000	0,000
132,2	0,000	0,000	0,052
132,3	0,000	0,000	0,000
132,5	0,000	0,000	0,017
132,6	0,000	0,000	0,000
132,7	0,000	0,000	0,017
132,9	0,000	0,000	0,000
133,0	0,000	0,000	0,017
133,2	0,000	0,000	0,000
133,3	0,000	0,000	0,035
133,4	0,000	0,000	0,000
133,6	0,000	0,000	0,017
133,7	0,000	0,000	0,000
133,9	0,001	0,000	0,035
134,0	0,001	0,000	0,000
134,1	0,001	0,001	0,017
134,3	0,001	0,000	0,000
134,4	0,001	-0,001	0,017
134,6	0,001	0,000	0,000
134,7	0,001	0,001	0,000
134,8	0,001	0,001	0,000
135,0	0,001	0,000	0,000
135,1	0,001	-0,001	0,000
135,2	0,001	0,000	0,000
135,4	0,002	0,002	0,000
135,5	0,002	0,001	0,035
135,7	0,003	-0,002	0,000
135,8	0,003	-0,001	0,017
135,9	0,002	0,002	0,000
136,1	0,003	0,003	0,017
136,2	0,003	-0,001	0,000
136,4	0,004	-0,003	0,017
136,5	0,005	0,000	0,017
136,6	0,005	0,005	0,035
136,8	0,005	0,003	0,000
136,9	0,006	-0,005	0,000
137,1	0,008	-0,005	0,000
137,2	0,009	0,005	0,035
137,3	0,010	0,009	0,000
137,5	0,010	-0,001	0,000
