time [µs]	HF [V]	NF [V]	TGC [dB]
0,0	0,386	0,065	0,157
0,1	0,542	0,533	0,315
0,2	0,707	0,477	-0,157
0,3	0,797	-0,147	-0,157
0,4	0,753	-0,663	0,472
0,5	0,598	-0,612	0,665
0,6	0,456	-0,345	0,420
0,7	0,468	-0,356	0,105
0,8	0,690	-0,404	0,000
0,9	1,027	0,112	0,000
1,0	1,286	1,002	0,157
1,1	1,311	1,235	0,315
1,2	1,113	0,344	0,157
1,3	0,864	-0,688	0,157
1,4	0,769	-0,576	0,000
1,5	0,899	0,506	-0,017
1,6	1,137	1,057	0,157
1,7	1,274	0,255	0,175
1,8	1,192	-0,911	0,192
1,9	0,960	-0,979	0,157
2,0	0,770	0,021	0,017
2,1	0,765	0,673	0,087
2,2	0,911	0,127	0,157
2,3	1,031	-0,839	0,280
2,4	0,965	-1,006	0,157
2,5	0,714	-0,342	0,105
2,6	0,444	0,151	0,017
2,7	0,334	-0,065	0,157
2,8	0,427	-0,435	0,157
2,9	0,601	-0,270	0,157
3,0	0,679	0,267	0,122
3,1	0,590	0,506	0,140
3,2	0,409	0,273	0,157
3,3	0,277	0,041	0,157
3,4	0,275	0,169	0,157
3,5	0,361	0,433	0,157
3,6	0,431	0,464	0,140
3,7	0,418	0,290	0,157
3,8	0,344	0,211	0,157
3,9	0,282	0,303	0,157
4,0	0,275	0,352	0,157
4,1	0,304	0,227	0,157
4,2	0,316	0,069	0,157
4,3	0,282	0,040	0,157
4,4	0,221	0,083	0,157
4,5	0,174	0,051	0,157
4,6	0,162	-0,052	0,157
4,7	0,167	-0,100	0,157
4,8	0,157	-0,057	0,157
4,9	0,127	-0,014	0,157
5,0	0,095	-0,035	0,157
5,1	0,089	-0,075	0,157
5,2	0,110	-0,085	0,157
5,3	0,134	-0,088	0,157
5,4	0,132	-0,112	0,157
5,5	0,104	-0,110	0,157
5,6	0,073	-0,035	0,157
5,7	0,067	0,053	0,157
5,8	0,090	0,048	0,157
5,9	0,119	-0,052	0,157
6,0	0,128	-0,126	0,157
6,1	0,107	-0,086	0,157
6,2	0,073	0,010	0,157
6,3	0,051	0,043	0,157
6,4	0,054	-0,014	0,157
6,5	0,073	-0,077	0,157
6,6	0,087	-0,070	0,157
6,7	0,081	-0,006	0,157
6,8	0,059	0,043	0,157
6,9	0,034	0,035	0,157
7,0	0,022	-0,008	0,157
7,1	0,031	-0,027	0,157
7,2	0,056	0,014	0,157
7,3	0,090	0,085	0,157
7,4	0,126	0,103	0,157
7,5	0,155	0,019	0,157
7,6	0,171	-0,114	0,140
7,7	0,169	-0,170	0,157
7,8	0,148	-0,092	0,157
7,9	0,115	0,035	0,157
8,0	0,082	0,079	0,157
8,1	0,060	0,016	0,157
8,2	0,053	-0,051	0,157
8,3	0,055	-0,034	0,157
8,4	0,059	0,032	0,157
8,5	0,058	0,055	0,157
8,6	0,053	0,011	0,140
8,7	0,044	-0,036	0,157
8,8	0,035	-0,032	0,157
8,9	0,027	0,001	0,157
9,0	0,022	0,019	0,157
9,1	0,020	0,018	0,140
9,2	0,023	0,020	0,105
9,3	0,030	0,022	0,140
9,4	0,038	0,001	0,157
9,5	0,041	-0,031	0,157
9,6	0,038	-0,037	0,157
9,7	0,029	-0,007	0,157
9,8	0,020	0,017	0,140
9,9	0,016	0,003	0,122
10,0	0,018	-0,021	0,140
10,1	0,024	-0,013	0,157
10,2	0,029	0,018	0,157
10,3	0,029	0,025	0,157
10,4	0,027	-0,004	0,157
10,5	0,026	-0,027	0,157
10,6	0,027	-0,011	0,157
10,7	0,030	0,022	0,157
10,8	0,032	0,029	0,157
10,9	0,029	0,009	0,157
11,0	0,020	-0,009	0,157
11,1	0,010	-0,011	0,157
11,2	0,004	-0,004	0,157
11,3	0,006	0,004	0,157
11,4	0,014	0,013	0,140
11,5	0,024	0,014	0,140
11,6	0,030	-0,006	0,122
11,7	0,030	-0,029	0,157
11,8	0,029	-0,020	0,157
11,9	0,029	0,017	0,157
12,0	0,032	0,029	0,140
12,1	0,036	-0,007	0,157
12,2	0,039	-0,037	0,157
12,3	0,041	-0,006	0,157
12,4	0,045	0,046	0,140
12,5	0,053	0,031	0,157
12,6	0,064	-0,040	0,157
12,7	0,071	-0,058	0,157
12,8	0,069	0,015	0,157
12,9	0,063	0,068	0,157
13,0	0,060	0,009	0,105
13,1	0,071	-0,070	0,140
13,2	0,093	-0,026	0,157
13,3	0,114	0,092	0,157
13,4	0,123	0,082	0,157
13,5	0,120	-0,071	0,157
13,6	0,120	-0,122	0,157
13,7	0,147	0,054	0,157
13,8	0,218	0,173	0,157
13,9	0,331	-0,084	0,157
14,0	0,472	-0,480	0,140
14,1	0,624	-0,376	0,157
14,2	0,775	0,355	0,052
14,3	0,921	0,909	0,087
14,4	1,056	0,445	0,157
14,5	1,167	-0,708	0,245
14,6	1,241	-1,237	0,157
14,7	1,271	-0,418	0,157
14,8	1,263	0,876	0,000
14,9	1,228	1,151	0,140
15,0	1,179	0,115	0,157
15,1	1,119	-0,971	0,157
15,2	1,045	-0,874	0,157
15,3	0,958	0,154	0,070
15,4	0,859	0,821	0,052
15,5	0,753	0,452	0,157
15,6	0,642	-0,318	0,157
15,7	0,527	-0,537	0,157
15,8	0,412	-0,122	0,140
15,9	0,308	0,248	0,157
16,0	0,231	0,147	0,157
16,1	0,190	-0,132	0,157
16,2	0,177	-0,145	0,157
16,3	0,175	0,074	0,157
16,4	0,168	0,169	0,157
16,5	0,149	0,029	0,157
16,6	0,124	-0,105	0,157
16,7	0,104	-0,044	0,157
16,8	0,095	0,087	0,157
16,9	0,095	0,085	0,157
17,0	0,094	-0,028	0,140
17,1	0,087	-0,072	0,157
17,2	0,075	0,006	0,157
17,3	0,063	0,072	0,157
17,4	0,055	0,032	0,157
17,5	0,053	-0,037	0,157
17,6	0,056	-0,025	0,157
17,7	0,063	0,047	0,157
17,8	0,069	0,067	0,157
17,9	0,073	0,002	0,157
18,0	0,070	-0,061	0,157
18,1	0,060	-0,047	0,157
18,2	0,047	0,011	0,157
18,3	0,035	0,035	0,157
18,4	0,028	0,007	0,140
18,5	0,026	-0,024	0,157
18,6	0,028	-0,020	0,157
18,7	0,028	0,007	0,157
18,8	0,025	0,023	0,157
18,9	0,020	0,015	0,157
19,0	0,015	-0,003	0,140
19,1	0,012	-0,013	0,157
19,2	0,013	-0,006	0,157
19,3	0,015	0,010	0,157
19,4	0,018	0,017	0,157
19,5	0,020	0,007	0,157
19,6	0,019	-0,011	0,140
19,7	0,018	-0,018	0,157
19,8	0,015	-0,008	0,157
19,9	0,011	0,004	0,157
20,0	0,007	0,006	0,157
20,1	0,003	0,000	0,157
20,2	0,001	-0,002	0,157
20,3	0,001	0,001	0,157
20,4	0,003	-0,001	0,122
20,5	0,008	-0,006	0,140
20,6	0,015	0,000	0,157
20,7	0,023	0,019	0,157
20,8	0,030	0,029	0,157
20,9	0,035	0,012	0,157
21,0	0,037	-0,019	0,157
21,1	0,035	-0,034	0,157
21,2	0,029	-0,021	0,157
21,3	0,022	0,001	0,157
21,4	0,015	0,010	0,140
21,5	0,011	0,008	0,140
21,6	0,011	0,009	0,157
21,7	0,012	0,013	0,157
21,8	0,013	0,010	0,157
21,9	0,011	-0,001	0,157
22,0	0,008	-0,006	0,157
22,1	0,005	-0,001	0,157
22,2	0,005	0,004	0,157
22,3	0,008	-0,002	0,157
22,4	0,013	-0,013	0,157
22,5	0,017	-0,013	0,157
22,6	0,017	0,000	0,157
22,7	0,014	0,012	0,157
22,8	0,010	0,011	0,157
22,9	0,006	0,003	0,140
23,0	0,005	0,001	0,157
23,1	0,006	0,003	0,157
23,2	0,008	-0,002	0,157
23,3	0,011	-0,011	0,157
23,4	0,013	-0,010	0,157
23,5	0,015	0,003	0,157
23,6	0,016	0,014	0,157
23,7	0,014	0,010	0,140
23,8	0,011	-0,003	0,157
23,9	0,007	-0,008	0,157
24,0	0,004	-0,001	0,157
24,1	0,005	0,001	0,157
24,2	0,009	-0,009	0,157
24,3	0,016	-0,014	0,157
24,4	0,022	0,000	0,140
24,5	0,025	0,021	0,157
24,6	0,025	0,022	0,157
24,7	0,023	-0,001	0,140
24,8	0,021	-0,020	0,157
24,9	0,020	-0,013	0,157
25,0	0,018	0,008	0,157
25,1	0,016	0,016	0,157
25,2	0,013	0,006	0,140
25,3	0,010	-0,005	0,157
25,4	0,008	-0,006	0,157
25,5	0,007	-0,005	0,157
25,6	0,008	-0,009	0,157
25,7	0,010	-0,005	0,157
25,8	0,013	0,009	0,105
25,9	0,016	0,015	0,157
26,0	0,019	0,000	0,157
26,1	0,020	-0,018	0,157
26,2	0,019	-0,013	0,157
26,3	0,017	0,009	0,157
26,4	0,015	0,014	0,157
26,5	0,014	-0,005	0,157
26,6	0,016	-0,013	0,140
26,7	0,019	0,007	0,157
26,8	0,024	0,024	0,157
26,9	0,028	0,001	0,157
27,0	0,032	-0,031	0,157
27,1	0,036	-0,017	0,157
27,2	0,040	0,030	0,157
27,3	0,044	0,031	0,157
27,4	0,052	-0,032	0,157
27,5	0,067	-0,060	0,157
27,6	0,095	0,026	0,157
27,7	0,138	0,137	0,157
27,8	0,195	0,087	0,122
27,9	0,261	-0,145	0,157
28,0	0,325	-0,326	0,157
28,1	0,382	-0,217	0,157
28,2	0,425	0,135	0,140
28,3	0,447	0,417	0,140
28,4	0,444	0,387	0,157
28,5	0,415	0,102	0,157
28,6	0,368	-0,186	0,157
28,7	0,316	-0,303	0,157
28,8	0,270	-0,257	0,157
28,9	0,237	-0,135	0,157
29,0	0,208	-0,001	0,140
29,1	0,173	0,103	0,157
29,2	0,126	0,129	0,140
29,3	0,077	0,078	0,157
29,4	0,043	0,021	0,140
29,5	0,035	0,021	0,157
29,6	0,051	0,056	0,157
29,7	0,072	0,047	0,157
29,8	0,079	-0,014	0,157
29,9	0,064	-0,058	0,157
30,0	0,039	-0,035	0,140
30,1	0,023	0,007	0,157
30,2	0,026	-0,002	0,157
30,3	0,043	-0,046	0,157
30,4	0,058	-0,051	0,157
30,5	0,058	-0,002	0,157
30,6	0,045	0,037	0,140
30,7	0,031	0,014	0,157
30,8	0,028	-0,028	0,157
30,9	0,038	-0,022	0,157
31,0	0,054	0,031	0,157
31,1	0,062	0,058	0,157
31,2	0,056	0,027	0,157
31,3	0,039	-0,019	0,140
31,4	0,021	-0,025	0,157
31,5	0,010	-0,003	0,157
31,6	0,009	0,004	0,157
31,7	0,015	-0,013	0,157
31,8	0,023	-0,019	0,105
31,9	0,026	0,002	0,157
32,0	0,024	0,022	0,157
32,1	0,019	0,015	0,157
32,2	0,014	-0,006	0,122
32,3	0,010	-0,008	0,157
32,4	0,012	0,008	0,157
32,5	0,016	0,014	0,157
32,6	0,022	-0,002	0,157
32,7	0,024	-0,021	0,157
32,8	0,021	-0,020	0,157
32,9	0,015	-0,005	0,157
33,0	0,009	0,002	0,157
33,1	0,007	-0,002	0,140
33,2	0,010	-0,002	0,140
33,3	0,016	0,008	0,157
33,4	0,019	0,018	0,157
33,5	0,019	0,016	0,157
33,6	0,015	0,006	0,157
33,7	0,010	-0,001	0,157
33,8	0,007	-0,003	0,157
33,9	0,007	-0,004	0,157
34,0	0,008	-0,008	0,157
34,1	0,009	-0,008	0,157
34,2	0,008	-0,003	0,157
34,3	0,006	0,003	0,157
34,4	0,004	0,004	0,157
34,5	0,003	0,000	0,157
34,6	0,004	-0,004	0,157
34,7	0,005	-0,004	0,157
34,8	0,006	-0,004	0,157
34,9	0,007	-0,001	0,157
35,0	0,008	0,003	0,157
35,1	0,009	0,008	0,157
35,2	0,009	0,009	0,140
35,3	0,007	0,005	0,157
35,4	0,005	0,000	0,157
35,5	0,003	-0,001	0,157
35,6	0,001	0,000	0,157
35,7	0,002	-0,001	0,157
35,8	0,004	-0,004	0,157
35,9	0,005	-0,004	0,157
36,0	0,006	0,000	0,157
36,1	0,006	0,005	0,157
36,2	0,005	0,005	0,157
36,3	0,004	0,001	0,157
36,4	0,003	-0,003	0,157
36,5	0,004	-0,002	0,157
36,6	0,005	0,002	0,157
36,7	0,006	0,006	0,157
36,8	0,007	0,007	0,157
36,9	0,008	0,006	0,157
37,0	0,008	0,003	0,157
37,1	0,009	-0,001	0,157
37,2	0,009	-0,005	0,157
37,3	0,009	-0,008	0,157
37,4	0,009	-0,009	0,157
37,5	0,008	-0,008	0,157
37,6	0,009	-0,006	0,140
37,7	0,009	-0,003	0,122
37,8	0,010	0,001	0,140
37,9	0,010	0,006	0,157
38,0	0,010	0,009	0,140
38,1	0,008	0,008	0,157
38,2	0,007	0,004	0,157
38,3	0,005	0,001	0,157
38,4	0,003	0,000	0,157
38,5	0,002	-0,001	0,157
38,6	0,001	-0,001	0,157
38,7	0,001	-0,001	0,157
38,8	0,001	0,000	0,157
38,9	0,001	0,000	0,157
39,0	0,002	-0,002	0,157
39,1	0,002	-0,002	0,157
39,2	0,003	-0,001	0,157
39,3	0,003	0,002	0,157
39,4	0,002	0,002	0,157
39,5	0,002	0,000	0,157
39,6	0,002	-0,002	0,157
39,7	0,002	-0,001	0,157
39,8	0,002	0,001	0,157
39,9	0,002	0,001	0,157
40,0	0,001	-0,001	0,157
40,1	0,001	-0,001	0,157
40,2	0,001	0,000	0,157
40,3	0,002	0,001	0,157
40,4	0,003	-0,002	0,157
40,5	0,005	-0,004	0,157
40,6	0,005	-0,002	0,157
40,7	0,005	0,004	0,157
40,8	0,004	0,004	0,157
40,9	0,003	-0,001	0,157
41,0	0,003	-0,002	0,157
41,1	0,005	0,004	0,157
41,2	0,008	0,007	0,157
41,3	0,012	-0,003	0,157
41,4	0,017	-0,017	0,157
41,5	0,024	-0,014	0,157
41,6	0,032	0,012	0,157
41,7	0,041	0,041	0,157
41,8	0,051	0,038	0,140
41,9	0,061	-0,001	0,140
42,0	0,068	-0,050	0,157
42,1	0,072	-0,072	0,157
42,2	0,073	-0,055	0,157
42,3	0,072	-0,014	0,157
42,4	0,071	0,030	0,157
42,5	0,069	0,060	0,157
42,6	0,067	0,067	0,157
42,7	0,064	0,047	0,157
42,8	0,058	0,010	0,157
42,9	0,049	-0,022	0,157
43,0	0,039	-0,034	0,157
43,1	0,030	-0,030	0,157
43,2	0,024	-0,021	0,157
43,3	0,021	-0,015	0,157
43,4	0,019	-0,009	0,157
43,5	0,017	0,000	0,157
43,6	0,013	0,007	0,140
43,7	0,010	0,007	0,157
43,8	0,008	0,005	0,157
43,9	0,010	0,007	0,157
44,0	0,013	0,013	0,157
44,1	0,016	0,015	0,157
44,2	0,015	0,010	0,157
44,3	0,012	0,001	0,157
44,4	0,008	-0,003	0,157
44,5	0,006	-0,002	0,157
44,6	0,007	-0,003	0,157
44,7	0,009	-0,007	0,157
44,8	0,011	-0,011	0,157
44,9	0,012	-0,010	0,157
45,0	0,011	-0,006	0,140
45,1	0,010	0,000	0,157
45,2	0,010	0,006	0,140
45,3	0,010	0,009	0,157
45,4	0,009	0,009	0,140
45,5	0,008	0,006	0,157
45,6	0,006	0,001	0,157
45,7	0,004	-0,001	0,157
45,8	0,004	-0,001	0,157
45,9	0,005	-0,001	0,157
46,0	0,006	-0,004	0,157
46,1	0,008	-0,007	0,157
46,2	0,008	-0,007	0,157
46,3	0,007	-0,004	0,157
46,4	0,006	-0,001	0,157
46,5	0,005	0,000	0,157
46,6	0,006	0,002	0,157
46,7	0,007	0,005	0,157
46,8	0,007	0,007	0,157
46,9	0,007	0,005	0,157
47,0	0,005	0,001	0,157
47,1	0,003	-0,002	0,140
47,2	0,002	-0,002	0,157
47,3	0,001	0,000	0,157
47,4	0,001	0,000	0,157
47,5	0,001	-0,001	0,157
47,6	0,001	-0,001	0,157
47,7	0,001	0,000	0,157
47,8	0,001	0,000	0,157
47,9	0,001	0,000	0,157
48,0	0,001	-0,001	0,157
48,1	0,001	-0,001	0,157
48,2	0,002	-0,001	0,157
48,3	0,002	-0,001	0,157
48,4	0,002	0,000	0,157
48,5	0,002	0,001	0,157
48,6	0,003	0,002	0,157
48,7	0,003	0,003	0,157
48,8	0,003	0,002	0,157
48,9	0,002	0,001	0,157
49,0	0,001	0,000	0,157
49,1	0,001	0,000	0,157
49,2	0,001	0,000	0,157
49,3	0,001	0,000	0,157
49,4	0,001	0,000	0,157
49,5	0,000	0,000	0,157
49,6	0,000	0,000	0,157
49,7	0,000	0,000	0,157
49,8	0,000	0,000	0,157
49,9	0,000	0,000	0,157
50,0	0,000	0,000	0,157
50,1	0,000	0,000	0,157
50,2	0,000	0,000	0,157
50,3	0,000	0,000	0,157
50,4	0,000	0,000	0,157
50,5	0,001	-0,001	0,157
50,6	0,001	0,000	0,157
50,7	0,001	0,000	0,157
50,8	0,001	0,001	0,157
50,9	0,001	0,001	0,157
51,0	0,001	0,000	0,157
51,1	0,001	0,001	0,157
51,2	0,002	0,002	0,157
51,3	0,003	0,003	0,157
51,4	0,003	0,001	0,157
51,5	0,003	-0,001	0,157
51,6	0,003	-0,002	0,157
51,7	0,002	-0,002	0,157
51,8	0,001	0,000	0,157
51,9	0,001	0,000	0,157
52,0	0,001	0,001	0,157
52,1	0,001	0,001	0,157
52,2	0,002	0,002	0,157
52,3	0,002	0,002	0,157
52,4	0,002	0,001	0,157
52,5	0,002	-0,001	0,157
52,6	0,001	-0,001	0,157
52,7	0,001	0,000	0,157
52,8	0,001	0,000	0,157
52,9	0,001	0,000	0,157
53,0	0,001	-0,001	0,157
53,1	0,001	-0,001	0,157
53,2	0,000	0,000	0,157
53,3	0,000	0,000	0,157
53,4	0,000	0,000	0,157
53,5	0,000	-0,001	0,157
53,6	0,000	0,000	0,157
53,7	0,000	0,000	0,157
53,8	0,000	0,000	0,157
53,9	0,000	-0,001	0,157
54,0	0,001	-0,001	0,157
54,1	0,001	0,000	0,157
54,2	0,001	0,000	0,157
54,3	0,000	0,000	0,157
54,4	0,000	0,000	0,157
54,5	0,000	-0,001	0,157
54,6	0,000	0,000	0,157
54,7	0,001	0,000	0,157
54,8	0,001	0,000	0,157
54,9	0,001	-0,001	0,157
55,0	0,001	0,000	0,157
55,1	0,001	0,001	0,157
55,2	0,003	0,001	0,157
55,3	0,004	-0,003	0,157
55,4	0,007	-0,007	0,157
55,5	0,009	-0,007	0,157
55,6	0,011	-0,002	0,157
55,7	0,012	0,006	0,157
55,8	0,013	0,012	0,105
55,9	0,014	0,013	0,157
56,0	0,015	0,009	0,157
56,1	0,015	0,000	0,157
56,2	0,016	-0,009	0,157
56,3	0,016	-0,015	0,157
56,4	0,016	-0,015	0,140
56,5	0,015	-0,009	0,157
56,6	0,013	0,000	0,157
56,7	0,011	0,005	0,140
56,8	0,010	0,008	0,157
56,9	0,008	0,008	0,157
57,0	0,008	0,008	0,157
57,1	0,007	0,005	0,157
57,2	0,006	0,002	0,157
57,3	0,004	-0,001	0,157
57,4	0,003	-0,002	0,157
57,5	0,001	-0,001	0,157
57,6	0,001	0,000	0,157
57,7	0,001	-0,001	0,157
57,8	0,001	-0,001	0,157
57,9	0,001	-0,001	0,157
58,0	0,001	0,000	0,157
58,1	0,000	0,000	0,157
58,2	0,001	-0,001	0,157
58,3	0,002	-0,001	0,157
58,4	0,003	0,001	0,157
58,5	0,004	0,003	0,157
58,6	0,004	0,004	0,157
58,7	0,004	0,003	0,157
58,8	0,003	0,001	0,157
58,9	0,003	0,000	0,157
59,0	0,002	-0,001	0,157
59,1	0,002	-0,001	0,157
59,2	0,001	-0,001	0,157
59,3	0,001	-0,001	0,157
59,4	0,000	0,000	0,157
59,5	0,000	0,000	0,157
59,6	0,000	0,000	0,157
59,7	0,000	0,000	0,157
59,8	0,000	0,000	0,157
59,9	0,000	0,000	0,157
60,0	0,000	0,000	0,157
60,1	0,001	0,000	0,157
60,2	0,000	0,000	0,157
60,3	0,000	0,000	0,157
60,4	0,000	0,000	0,157
60,5	0,001	-0,001	0,157
60,6	0,001	-0,001	0,157
60,7	0,001	0,000	0,157
60,8	0,001	0,001	0,157
60,9	0,002	0,002	0,157
61,0	0,002	0,001	0,157
61,1	0,002	0,000	0,157
61,2	0,001	-0,001	0,157
61,3	0,001	-0,001	0,157
61,4	0,001	0,000	0,157
61,5	0,000	0,000	0,157
61,6	0,000	0,000	0,157
61,7	0,000	0,000	0,157
61,8	0,000	0,000	0,157
61,9	0,000	0,000	0,157
62,0	0,000	0,000	0,157
62,1	0,000	0,000	0,157
62,2	0,000	0,000	0,157
62,3	0,000	0,000	0,157
62,4	0,000	0,000	0,157
62,5	0,000	0,000	0,157
62,6	0,000	0,000	0,157
62,7	0,000	0,000	0,157
62,8	0,000	0,000	0,157
62,9	0,000	0,000	0,157
63,0	0,000	0,000	0,157
63,1	0,000	0,000	0,157
63,2	0,000	0,000	0,157
63,3	0,001	0,001	0,157
63,4	0,001	0,000	0,157
63,5	0,001	0,000	0,157
63,6	0,001	-0,001	0,157
63,7	0,000	0,000	0,157
63,8	0,000	0,000	0,157
63,9	0,000	0,000	0,157
64,0	0,001	0,000	0,157
64,1	0,001	-0,001	0,157
64,2	0,001	-0,001	0,157
64,3	0,001	0,000	0,157
64,4	0,000	0,000	0,157
64,5	0,000	0,000	0,157
64,6	0,000	0,000	0,157
64,7	0,001	0,000	0,157
64,8	0,001	0,001	0,157
64,9	0,002	0,002	0,157
65,0	0,002	0,001	0,157
65,1	0,001	0,000	0,157
65,2	0,001	-0,001	0,157
65,3	0,000	0,000	0,157
65,4	0,000	0,000	0,157
65,5	0,001	0,000	0,157
65,6	0,001	0,000	0,157
65,7	0,001	0,000	0,157
65,8	0,001	0,000	0,157
65,9	0,000	0,000	0,157
66,0	0,000	0,000	0,157
66,1	0,000	0,000	0,157
66,2	0,000	0,000	0,157
66,3	0,000	0,000	0,157
66,4	0,000	0,000	0,157
66,5	0,000	0,000	0,157
66,6	0,000	0,000	0,157
66,7	0,000	0,000	0,157
66,8	0,000	0,000	0,157
66,9	0,000	0,000	0,157
67,0	0,000	0,000	0,157
67,1	0,000	0,000	0,157
67,2	0,000	0,000	0,157
67,3	0,000	0,000	0,157
67,4	0,000	0,000	0,157
67,5	0,000	0,000	0,157
67,6	0,000	0,000	0,157
67,7	0,000	0,000	0,157
67,8	0,000	0,000	0,157
67,9	0,000	0,000	0,157
68,0	0,000	0,000	0,157
68,1	0,000	0,000	0,157
68,2	0,000	0,000	0,157
68,3	0,000	0,000	0,157
68,4	0,000	0,000	0,157
68,5	0,000	0,000	0,157
68,6	0,000	0,000	0,157
68,7	0,000	0,000	0,157
68,8	0,001	-0,001	0,157
68,9	0,001	0,000	0,157
69,0	0,001	0,000	0,157
69,1	0,001	0,000	0,157
69,2	0,001	0,000	0,157
69,3	0,001	-0,001	0,157
69,4	0,000	0,000	0,157
69,5	0,000	0,000	0,157
69,6	0,001	0,000	0,157
69,7	0,001	-0,001	0,157
69,8	0,002	-0,001	0,157
69,9	0,003	0,001	0,157
70,0	0,004	0,004	0,157
70,1	0,005	0,004	0,157
70,2	0,004	0,002	0,157
70,3	0,003	0,000	0,157
70,4	0,002	-0,001	0,157
70,5	0,001	-0,001	0,157
70,6	0,001	0,000	0,157
70,7	0,001	0,000	0,157
70,8	0,001	0,000	0,157
70,9	0,001	-0,001	0,157
71,0	0,001	0,000	0,122
71,1	0,000	0,000	0,175
71,2	0,000	0,001	0,175
71,3	0,001	0,001	0,157
71,4	0,001	0,001	0,157
71,5	0,001	0,000	0,157
71,6	0,001	0,000	0,157
71,7	0,001	0,000	0,157
71,8	0,001	0,000	0,157
71,9	0,000	0,000	0,157
72,0	0,000	0,000	0,157
72,1	0,000	0,000	0,157
72,2	0,000	0,000	0,157
72,3	0,000	0,000	0,157
72,4	0,000	0,000	0,157
72,5	0,000	0,000	0,157
72,6	0,000	0,000	0,157
72,7	0,000	0,000	0,157
72,8	0,001	0,000	0,157
72,9	0,001	0,001	0,157
73,0	0,001	0,001	0,157
73,1	0,001	0,000	0,157
73,2	0,001	0,000	0,157
73,3	0,000	0,000	0,157
73,4	0,000	0,000	0,157
73,5	0,000	0,000	0,157
73,6	0,000	0,000	0,157
73,7	0,000	0,000	0,157
73,8	0,000	0,000	0,157
73,9	0,000	0,000	0,157
74,0	0,000	0,000	0,157
74,1	0,000	0,000	0,140
74,2	0,000	0,000	0,157
74,3	0,001	0,000	0,157
74,4	0,001	0,001	0,157
74,5	0,001	0,001	0,157
74,6	0,001	0,001	0,157
74,7	0,001	0,000	0,157
74,8	0,001	-0,001	0,157
74,9	0,000	0,000	0,157
75,0	0,000	0,000	0,157
75,1	0,000	0,000	0,157
75,2	0,000	0,000	0,157
75,3	0,000	0,000	0,157
75,4	0,000	0,000	0,157
75,5	0,001	0,001	0,157
75,6	0,001	0,000	0,157
75,7	0,001	0,000	0,157
75,8	0,000	0,000	0,157
75,9	0,000	0,000	0,157
76,0	0,000	0,000	0,157
76,1	0,000	0,000	0,157
76,2	0,000	0,000	0,157
76,3	0,001	0,000	0,157
76,4	0,001	0,000	0,157
76,5	0,001	0,000	0,157
76,6	0,001	0,000	0,157
76,7	0,001	0,000	0,157
76,8	0,001	0,000	0,157
76,9	0,001	0,000	0,157
77,0	0,001	-0,001	0,157
77,1	0,000	0,000	0,157
77,2	0,000	0,000	0,157
77,3	0,000	0,000	0,157
77,4	0,000	0,000	0,140
77,5	0,000	0,000	0,157
77,6	0,000	0,000	0,157
77,7	0,000	0,000	0,157
77,8	0,000	0,000	0,157
77,9	0,000	0,000	0,157
78,0	0,000	0,000	0,157
78,1	0,000	0,000	0,157
78,2	0,000	0,000	0,157
78,3	0,000	0,000	0,157
78,4	0,000	0,000	0,157
78,5	0,000	0,000	0,157
78,6	0,000	0,000	0,157
78,7	0,000	0,000	0,157
78,8	0,000	0,000	0,157
78,9	0,000	0,000	0,157
79,0	0,000	0,000	0,157
79,1	0,000	0,000	0,157
79,2	0,000	0,000	0,157
79,3	0,000	0,000	0,157
79,4	0,000	0,000	0,157
79,5	0,000	0,000	0,157
79,6	0,000	0,000	0,157
79,7	0,000	0,000	0,157
79,8	0,000	0,000	0,157
79,9	0,000	0,000	0,157
80,0	0,000	0,000	0,157
80,1	0,000	0,000	0,157
80,2	0,000	0,000	0,157
80,3	0,000	0,000	0,157
80,4	0,000	0,000	0,157
80,5	0,000	0,000	0,157
80,6	0,000	0,000	0,157
80,7	0,000	0,000	0,157
80,8	0,000	0,000	0,157
80,9	0,000	0,000	0,157
81,0	0,000	0,000	0,157
81,1	0,000	0,000	0,157
81,2	0,000	0,000	0,157
81,3	0,000	0,000	0,157
81,4	0,000	0,000	0,157
81,5	0,000	0,000	0,157
81,6	0,000	0,000	0,157
81,7	0,001	0,000	0,157
81,8	0,001	0,000	0,157
81,9	0,001	0,000	0,157
82,0	0,000	0,000	0,157
82,1	0,000	0,000	0,157
82,2	0,000	0,000	0,157
82,3	0,000	0,000	0,157
82,4	0,000	0,000	0,157
82,5	0,000	0,000	0,157
82,6	0,000	0,000	0,157
82,7	0,000	0,000	0,157
82,8	0,000	0,000	0,157
82,9	0,000	0,000	0,157
83,0	0,000	0,000	0,157
83,1	0,000	0,000	0,157
83,2	0,000	0,000	0,157
83,3	0,000	0,000	0,157
83,4	0,000	0,000	0,157
83,5	0,000	0,000	0,157
83,6	0,000	0,000	0,157
83,7	0,000	0,000	0,157
83,8	0,000	0,000	0,157
83,9	0,000	0,000	0,157
84,0	0,000	0,000	0,157
84,1	0,000	0,000	0,157
84,2	0,000	0,000	0,157
84,3	0,000	0,000	0,157
84,4	0,000	0,000	0,157
84,5	0,000	0,000	0,157
84,6	0,000	0,000	0,157
84,7	0,000	0,000	0,157
84,8	0,000	0,000	0,157
84,9	0,000	0,000	0,157
85,0	0,000	0,000	0,140
85,1	0,000	0,000	0,157
85,2	0,000	0,000	0,157
85,3	0,000	0,000	0,157
85,4	0,000	0,000	0,157
85,5	0,000	0,000	0,157
85,6	0,000	0,000	0,157
85,7	0,000	0,000	0,157
85,8	0,000	0,000	0,157
85,9	0,000	0,000	0,157
86,0	0,000	0,000	0,157
86,1	0,000	0,000	0,157
86,2	0,000	0,000	0,157
86,3	0,000	0,000	0,157
86,4	0,000	0,000	0,157
86,5	0,000	0,000	0,157
86,6	0,000	0,000	0,157
86,7	0,000	0,000	0,157
86,8	0,000	0,000	0,157
86,9	0,000	0,000	0,157
87,0	0,000	0,000	0,157
87,1	0,000	0,000	0,157
87,2	0,000	0,000	0,157
87,3	0,000	0,000	0,157
87,4	0,000	0,000	0,157
87,5	0,000	0,000	0,157
87,6	0,000	0,000	0,157
87,7	0,000	0,000	0,157
87,8	0,000	0,000	0,157
87,9	0,000	0,000	0,157
88,0	0,000	0,000	0,157
88,1	0,000	0,000	0,157
88,2	0,000	0,000	0,157
88,3	0,000	0,000	0,157
88,4	0,000	0,000	0,157
88,5	0,000	0,000	0,157
88,6	0,000	0,000	0,157
88,7	0,000	0,000	0,157
88,8	0,000	0,000	0,157
88,9	0,000	0,000	0,157
89,0	0,000	0,000	0,157
89,1	0,000	0,000	0,157
89,2	0,000	0,000	0,157
89,3	0,000	0,000	0,157
89,4	0,000	0,000	0,157
89,5	0,000	0,000	0,157
89,6	0,000	0,000	0,157
89,7	0,000	0,000	0,157
89,8	0,000	0,000	0,157
89,9	0,000	0,000	0,157
90,0	0,000	0,000	0,157
90,1	0,000	0,000	0,157
90,2	0,000	0,000	0,157
90,3	0,000	0,000	0,157
90,4	0,000	0,000	0,157
90,5	0,000	0,000	0,157
90,6	0,000	0,000	0,157
90,7	0,000	0,000	0,157
90,8	0,000	0,000	0,157
90,9	0,000	0,000	0,157
91,0	0,000	0,000	0,157
91,1	0,000	0,000	0,157
91,2	0,000	0,000	0,157
91,3	0,000	0,000	0,157
91,4	0,000	0,000	0,157
91,5	0,000	0,000	0,157
91,6	0,000	0,000	0,157
91,7	0,000	0,000	0,157
91,8	0,000	0,000	0,157
91,9	0,000	0,000	0,157
92,0	0,000	0,000	0,157
92,1	0,000	0,000	0,157
92,2	0,000	0,000	0,157
92,3	0,000	0,000	0,157
92,4	0,000	0,000	0,157
92,5	0,000	0,000	0,157
92,6	0,000	0,000	0,157
92,7	0,000	0,000	0,157
92,8	0,000	0,000	0,157
92,9	0,000	0,000	0,157
93,0	0,000	0,000	0,157
93,1	0,000	0,000	0,157
93,2	0,000	0,000	0,157
93,3	0,000	0,000	0,157
93,4	0,000	0,000	0,157
93,5	0,000	0,000	0,157
93,6	0,000	0,000	0,157
93,7	0,000	0,000	0,157
93,8	0,000	0,000	0,157
93,9	0,000	0,000	0,157
94,0	0,000	0,000	0,157
94,1	0,000	0,000	0,157
94,2	0,000	0,000	0,157
94,3	0,000	0,000	0,157
94,4	0,000	0,000	0,157
94,5	0,000	0,000	0,157
94,6	0,000	0,000	0,157
94,7	0,000	0,000	0,157
94,8	0,000	0,000	0,157
94,9	0,000	0,000	0,157
95,0	0,000	0,000	0,157
95,1	0,000	0,000	0,157
95,2	0,000	0,000	0,157
95,3	0,000	0,000	0,157
95,4	0,000	0,000	0,157
95,5	0,000	0,000	0,157
95,6	0,000	0,000	0,157
95,7	0,000	0,000	0,157
95,8	0,000	0,000	0,157
95,9	0,000	0,000	0,157
96,0	0,000	0,000	0,157
96,1	0,001	0,001	0,157
96,2	0,001	0,000	0,157
96,3	0,001	0,000	0,140
96,4	0,000	0,000	0,157
96,5	0,000	0,000	0,157
96,6	0,000	0,000	0,157
96,7	0,000	0,000	0,157
96,8	0,000	0,000	0,157
96,9	0,000	0,000	0,157
97,0	0,000	0,000	0,157
97,1	0,000	0,000	0,157
97,2	0,000	0,000	0,157
97,3	0,000	0,000	0,157
97,4	0,000	0,000	0,157
97,5	0,000	0,000	0,157
97,6	0,000	0,000	0,157
97,7	0,000	0,000	0,157
97,8	0,000	0,000	0,157
97,9	0,000	0,000	0,157
98,0	0,000	0,000	0,157
98,1	0,000	0,000	0,157
98,2	0,000	0,000	0,157
98,3	0,000	0,000	0,157
98,4	0,000	0,000	0,157
98,5	0,000	0,000	0,157
98,6	0,000	0,000	0,157
98,7	0,000	0,000	0,157
98,8	0,000	0,000	0,157
98,9	0,000	0,000	0,157
99,0	0,000	0,000	0,157
99,1	0,000	0,000	0,157
99,2	0,000	0,000	0,157
99,3	0,000	0,000	0,157
99,4	0,000	0,000	0,157
99,5	0,000	0,000	0,157
99,6	0,000	0,000	0,157
99,7	0,000	0,000	0,157
99,8	0,000	0,000	0,157
99,9	0,000	0,000	0,157
100,0	0,000	0,000	0,157
100,1	0,000	0,000	0,157
100,2	0,000	0,000	0,157
100,3	0,000	0,000	0,157
100,4	0,000	0,000	0,157
100,5	0,000	0,000	0,157
100,6	0,000	0,000	0,157
100,7	0,000	0,000	0,157
100,8	0,000	0,000	0,157
100,9	0,000	0,000	0,157
101,0	0,000	0,000	0,157
101,1	0,000	0,000	0,157
101,2	0,000	0,000	0,157
101,3	0,000	0,000	0,157
101,4	0,000	0,000	0,157
101,5	0,000	0,000	0,157
101,6	0,000	0,000	0,157
101,7	0,000	0,000	0,157
101,8	0,000	0,000	0,157
101,9	0,000	0,000	0,157
102,0	0,000	0,000	0,157
102,1	0,000	0,000	0,157
102,2	0,000	0,000	0,157
102,3	0,001	0,000	0,157
102,4	0,001	0,001	0,157
102,5	0,001	0,001	0,157
102,6	0,001	0,000	0,157
102,7	0,000	0,000	0,157
102,8	0,000	0,000	0,157
102,9	0,000	0,000	0,157
103,0	0,000	0,000	0,140
103,1	0,000	0,000	0,157
103,2	0,000	0,000	0,157
103,3	0,000	0,000	0,157
103,4	0,000	0,000	0,157
103,5	0,000	0,000	0,157
103,6	0,000	0,000	0,157
103,7	0,000	0,000	0,157
103,8	0,000	0,000	0,157
103,9	0,000	0,000	0,157
104,0	0,000	0,000	0,157
104,1	0,000	0,000	0,157
104,2	0,000	0,000	0,157
104,3	0,000	0,000	0,157
104,4	0,000	0,000	0,157
104,5	0,000	0,000	0,157
104,6	0,000	0,000	0,157
104,7	0,000	0,000	0,157
104,8	0,000	0,000	0,157
104,9	0,000	0,000	0,157
105,0	0,000	0,000	0,157
105,1	0,000	0,000	0,157
105,2	0,000	0,000	0,157
105,3	0,000	0,000	0,157
105,4	0,000	0,000	0,157
105,5	0,000	0,000	0,157
105,6	0,000	0,000	0,157
105,7	0,000	0,000	0,157
105,8	0,000	0,000	0,157
105,9	0,000	0,000	0,157
106,0	0,000	0,000	0,157
106,1	0,000	0,000	0,157
106,2	0,000	0,000	0,157
106,3	0,000	0,000	0,157
106,4	0,000	0,000	0,157
106,5	0,000	0,000	0,157
106,6	0,000	0,000	0,157
106,7	0,000	0,000	0,157
106,8	0,000	0,000	0,157
106,9	0,000	0,000	0,157
107,0	0,000	0,000	0,157
107,1	0,000	0,000	0,157
107,2	0,000	0,000	0,157
107,3	0,000	0,000	0,157
107,4	0,000	0,000	0,157
107,5	0,000	0,000	0,157
107,6	0,000	0,000	0,157
107,7	0,000	0,000	0,157
107,8	0,000	0,000	0,157
107,9	0,000	0,000	0,157
108,0	0,000	0,000	0,157
108,1	0,000	0,000	0,157
108,2	0,000	0,000	0,157
108,3	0,000	0,000	0,157
108,4	0,000	0,000	0,157
108,5	0,000	0,000	0,157
108,6	0,000	0,000	0,157
108,7	0,001	0,000	0,157
108,8	0,001	0,000	0,157
108,9	0,001	0,001	0,157
109,0	0,001	0,000	0,157
109,1	0,000	0,000	0,157
109,2	0,000	0,000	0,157
109,3	0,000	0,000	0,157
109,4	0,000	0,000	0,157
109,5	0,000	0,000	0,157
109,6	0,000	0,000	0,157
109,7	0,000	0,000	0,157
109,8	0,000	0,000	0,157
109,9	0,000	0,000	0,157
110,0	0,000	0,000	0,157
110,1	0,000	0,000	0,157
110,2	0,000	0,000	0,157
110,3	0,000	0,000	0,157
110,4	0,000	0,000	0,157
110,5	0,000	0,000	0,157
110,6	0,000	0,000	0,157
110,7	0,000	0,000	0,157
110,8	0,000	0,000	0,157
110,9	0,000	0,000	0,157
111,0	0,000	0,000	0,157
111,1	0,000	0,000	0,157
111,2	0,000	0,000	0,157
111,3	0,000	0,000	0,157
111,4	0,000	0,000	0,157
111,5	0,001	0,000	0,175
111,6	0,000	0,000	0,157
111,7	0,000	0,000	0,157
111,8	0,000	0,000	0,157
111,9	0,000	0,000	0,157
112,0	0,000	0,000	0,157
112,1	0,001	0,001	0,157
112,2	0,001	0,000	0,157
112,3	0,001	0,000	0,157
112,4	0,000	0,000	0,157
112,5	0,000	0,000	0,157
112,6	0,000	0,000	0,157
112,7	0,000	0,000	0,157
112,8	0,000	0,000	0,157
112,9	0,000	0,000	0,157
113,0	0,000	0,000	0,157
113,1	0,000	0,000	0,157
113,2	0,000	0,000	0,157
113,3	0,000	0,000	0,157
113,4	0,000	0,000	0,157
113,5	0,000	0,000	0,157
113,6	0,000	0,000	0,157
113,7	0,000	0,000	0,157
113,8	0,000	0,000	0,157
113,9	0,000	0,000	0,157
114,0	0,000	0,000	0,157
114,1	0,000	0,000	0,157
114,2	0,000	0,000	0,157
114,3	0,000	0,000	0,157
114,4	0,000	0,000	0,157
114,5	0,000	0,000	0,157
114,6	0,000	0,000	0,157
114,7	0,000	0,000	0,157
114,8	0,000	0,000	0,157
114,9	0,000	0,000	0,157
115,0	0,000	0,000	0,157
115,1	0,000	0,000	0,157
115,2	0,000	0,000	0,157
115,3	0,000	0,000	0,157
115,4	0,000	0,000	0,157
115,5	0,000	0,000	0,157
115,6	0,000	0,000	0,157
115,7	0,000	0,000	0,157
115,8	0,000	0,000	0,157
115,9	0,000	0,000	0,157
116,0	0,000	0,000	0,157
116,1	0,000	0,000	0,157
116,2	0,000	0,000	0,157
116,3	0,000	0,000	0,157
116,4	0,000	0,000	0,157
116,5	0,000	0,000	0,157
116,6	0,000	0,000	0,157
116,7	0,000	0,000	0,157
116,8	0,000	0,000	0,157
116,9	0,000	0,000	0,157
117,0	0,000	0,000	0,157
117,1	0,000	0,000	0,157
117,2	0,000	0,000	0,157
117,3	0,000	0,000	0,157
117,4	0,000	0,000	0,157
117,5	0,000	0,000	0,157
117,6	0,000	0,000	0,157
117,7	0,000	0,000	0,157
117,8	0,000	0,000	0,157
117,9	0,000	0,000	0,157
118,0	0,000	0,000	0,157
118,1	0,000	0,000	0,157
118,2	0,000	0,000	0,157
118,3	0,000	0,000	0,157
118,4	0,000	0,000	0,157
118,5	0,000	0,000	0,157
118,6	0,000	0,000	0,157
118,7	0,000	0,000	0,157
118,8	0,000	0,000	0,157
118,9	0,000	0,000	0,157
119,0	0,000	0,000	0,157
119,1	0,000	0,000	0,157
119,2	0,000	0,000	0,157
119,3	0,000	0,000	0,157
119,4	0,001	0,000	0,157
119,5	0,001	0,000	0,157
119,6	0,000	0,000	0,157
119,7	0,000	0,000	0,157
119,8	0,000	0,000	0,157
119,9	0,000	0,000	0,157
120,0	0,000	0,000	0,157
120,1	0,000	0,000	0,157
120,2	0,000	0,000	0,157
120,3	0,000	0,000	0,157
120,4	0,000	0,000	0,157
120,5	0,000	0,000	0,157
120,6	0,000	0,000	0,157
120,7	0,000	0,000	0,157
120,8	0,000	0,000	0,157
120,9	0,000	0,000	0,157
121,0	0,000	0,000	0,157
121,1	0,000	0,000	0,157
121,2	0,000	0,000	0,157
121,3	0,000	0,000	0,157
121,4	0,000	0,000	0,157
121,5	0,000	0,000	0,157
121,6	0,000	0,000	0,157
121,7	0,000	0,000	0,157
121,8	0,000	0,000	0,157
121,9	0,000	0,000	0,157
122,0	0,000	0,000	0,157
122,1	0,000	0,000	0,157
122,2	0,000	0,000	0,157
122,3	0,000	0,000	0,157
122,4	0,000	0,000	0,157
122,5	0,000	0,000	0,157
122,6	0,000	0,000	0,157
122,7	0,000	0,000	0,157
122,8	0,000	0,000	0,157
122,9	0,000	0,000	0,157
123,0	0,000	0,000	0,157
123,1	0,000	0,000	0,157
123,2	0,000	0,000	0,157
123,3	0,000	0,000	0,157
123,4	0,000	0,000	0,157
123,5	0,000	0,000	0,157
123,6	0,000	0,000	0,157
123,7	0,000	0,000	0,157
123,8	0,000	0,000	0,157
123,9	0,000	0,000	0,157
124,0	0,000	0,000	0,157
124,1	0,000	0,000	0,157
124,2	0,000	0,000	0,157
124,3	0,000	0,000	0,157
124,4	0,000	0,000	0,157
124,5	0,000	0,000	0,157
124,6	0,000	0,000	0,157
124,7	0,000	0,000	0,157
124,8	0,000	0,000	0,157
124,9	0,000	0,000	0,157
125,0	0,000	0,000	0,157
125,1	0,000	0,000	0,157
125,2	0,000	0,000	0,157
125,3	0,000	0,000	0,157
125,4	0,000	0,000	0,157
125,5	0,000	0,000	0,157
125,6	0,000	0,000	0,157
125,7	0,000	0,000	0,157
125,8	0,000	0,000	0,157
125,9	0,000	0,000	0,157
126,0	0,000	0,000	0,157
126,1	0,000	0,000	0,157
126,2	0,000	0,000	0,157
126,3	0,000	0,000	0,157
126,4	0,000	0,000	0,157
126,5	0,000	0,000	0,157
126,6	0,000	0,000	0,157
126,7	0,000	0,000	0,157
126,8	0,000	0,000	0,157
126,9	0,000	0,000	0,157
127,0	0,000	0,000	0,157
127,1	0,000	0,000	0,157
127,2	0,000	0,000	0,157
127,3	0,000	0,000	0,157
127,4	0,000	0,000	0,157
127,5	0,000	0,000	0,157
127,6	0,000	0,000	0,157
127,7	0,000	0,000	0,157
127,8	0,000	0,000	0,157
127,9	0,001	0,000	0,157
128,0	0,001	0,000	0,157
128,1	0,001	0,001	0,157
128,2	0,001	0,001	0,157
128,3	0,001	0,000	0,157
128,4	0,001	-0,001	0,157
128,5	0,001	-0,001	0,157
128,6	0,000	0,000	0,157
128,7	0,000	0,000	0,157
128,8	0,000	0,000	0,157
128,9	0,000	0,000	0,157
129,0	0,000	0,000	0,157
129,1	0,000	0,000	0,157
129,2	0,000	0,000	0,157
129,3	0,000	0,000	0,157
129,4	0,000	0,000	0,157
129,5	0,000	0,000	0,157
129,6	0,000	0,000	0,157
129,7	0,000	0,000	0,157
129,8	0,000	0,000	0,157
129,9	0,000	0,000	0,157
130,0	0,000	0,000	0,157
130,1	0,000	0,000	0,157
130,2	0,000	0,000	0,157
130,3	0,000	0,000	0,157
130,4	0,000	0,000	0,157
130,5	0,000	0,000	0,157
130,6	0,000	0,000	0,157
130,7	0,000	0,000	0,157
130,8	0,000	0,000	0,157
130,9	0,000	0,000	0,157
131,0	0,000	0,000	0,157
131,1	0,000	0,000	0,157
131,2	0,000	0,000	0,157
131,3	0,000	0,000	0,157
131,4	0,000	0,000	0,157
131,5	0,000	0,000	0,157
131,6	0,000	0,000	0,157
131,7	0,000	0,000	0,157
131,8	0,000	0,000	0,157
131,9	0,000	0,000	0,157
132,0	0,000	0,000	0,157
132,1	0,000	0,000	0,157
132,2	0,000	0,000	0,157
132,3	0,000	0,000	0,157
132,4	0,000	0,000	0,157
132,5	0,000	0,000	0,157
132,6	0,000	0,000	0,157
132,7	0,000	0,000	0,157
132,8	0,000	0,000	0,157
132,9	0,000	0,000	0,157
133,0	0,000	0,000	0,157
133,1	0,000	0,000	0,157
133,2	0,000	0,000	0,157
133,3	0,000	0,000	0,157
133,4	0,001	0,000	0,157
133,5	0,001	0,000	0,157
133,6	0,001	0,001	0,157
133,7	0,001	0,000	0,157
133,8	0,000	0,000	0,157
133,9	0,000	0,000	0,157
134,0	0,000	0,000	0,157
134,1	0,000	0,000	0,157
134,2	0,000	0,000	0,157
134,3	0,000	0,000	0,157
134,4	0,000	0,000	0,157
134,5	0,000	0,000	0,157
134,6	0,000	0,000	0,157
134,7	0,000	0,000	0,157
134,8	0,000	0,000	0,157
134,9	0,000	0,000	0,157
135,0	0,000	0,000	0,157
135,1	0,000	0,000	0,157
135,2	0,000	0,000	0,157
135,3	0,000	0,000	0,122
135,4	0,000	0,000	0,157
135,5	0,000	0,000	0,175
135,6	0,000	0,000	0,157
135,7	0,000	0,000	0,157
135,8	0,000	0,000	0,157
135,9	0,000	0,000	0,157
136,0	0,000	0,000	0,157
136,1	0,000	0,000	0,157
136,2	0,000	0,000	0,157
136,3	0,000	0,000	0,157
136,4	0,000	0,000	0,157
136,5	0,000	0,000	0,157
136,6	0,000	0,000	0,157
136,7	0,000	0,000	0,157
136,8	0,000	0,000	0,157
136,9	0,000	0,000	0,157
137,0	0,000	0,000	0,157
137,1	0,000	0,000	0,157
137,2	0,000	0,000	0,157
137,3	0,000	0,000	0,157
137,4	0,001	-0,001	0,157
137,5	0,001	-0,001	0,140
137,6	0,001	0,000	0,157
137,7	0,001	0,001	0,157
137,8	0,001	0,001	0,157
137,9	0,001	0,000	0,157
138,0	0,000	0,000	0,157
138,1	0,000	0,000	0,157
138,2	0,000	0,000	0,157
138,3	0,000	0,000	0,157
138,4	0,000	0,000	0,157
138,5	0,000	0,000	0,157
138,6	0,000	0,000	0,157
138,7	0,000	0,000	0,157
138,8	0,000	0,000	0,157
138,9	0,000	0,000	0,175
139,0	0,000	0,000	0,157
139,1	0,000	0,000	0,157
139,2	0,000	0,000	0,157
139,3	0,000	0,000	0,157
139,4	0,000	0,000	0,157
139,5	0,000	0,000	0,157
139,6	0,000	0,000	0,157
139,7	0,000	0,000	0,157
139,8	0,000	0,000	0,157
139,9	0,000	0,000	0,157
140,0	0,000	0,000	0,157
140,1	0,000	0,000	0,157
140,2	0,000	0,000	0,157
140,3	0,000	0,000	0,157
140,4	0,000	0,000	0,157
140,5	0,000	0,000	0,157
140,6	0,000	0,000	0,157
140,7	0,000	0,000	0,157
140,8	0,000	0,000	0,157
140,9	0,000	0,000	0,157
141,0	0,000	0,000	0,157
141,1	0,000	0,000	0,157
141,2	0,000	0,000	0,157
141,3	0,000	0,000	0,157
141,4	0,000	0,000	0,157
141,5	0,000	0,000	0,157
141,6	0,000	0,000	0,157
141,7	0,000	0,000	0,157
141,8	0,000	0,000	0,157
141,9	0,000	0,000	0,157
142,0	0,000	0,000	0,157
142,1	0,000	0,000	0,157
142,2	0,000	0,000	0,157
142,3	0,000	0,000	0,157
142,4	0,000	0,000	0,157
142,5	0,000	0,000	0,157
142,6	0,000	0,000	0,157
142,7	0,000	0,000	0,157
142,8	0,000	0,000	0,157
142,9	0,000	0,000	0,157
143,0	0,000	0,000	0,157
143,1	0,000	0,000	0,157
143,2	0,000	0,000	0,157
143,3	0,000	0,000	0,157
143,4	0,000	0,000	0,157
143,5	0,000	0,000	0,157
143,6	0,000	0,000	0,157
143,7	0,000	0,000	0,157
143,8	0,000	0,000	0,157
143,9	0,000	0,000	0,157
144,0	0,000	0,000	0,157
144,1	0,000	0,000	0,157
144,2	0,000	0,000	0,157
144,3	0,000	0,000	0,157
144,4	0,000	0,000	0,157
144,5	0,000	0,000	0,157
144,6	0,000	0,000	0,157
144,7	0,000	0,000	0,157
144,8	0,000	0,000	0,157
144,9	0,000	0,000	0,157
145,0	0,000	0,000	0,157
145,1	0,000	0,000	0,157
145,2	0,000	0,000	0,157
145,3	0,000	0,000	0,157
145,4	0,000	0,000	0,157
145,5	0,000	0,000	0,157
145,6	0,000	0,000	0,157
145,7	0,000	0,000	0,157
145,8	0,000	0,000	0,157
145,9	0,000	0,000	0,157
146,0	0,000	0,000	0,157
146,1	0,000	0,000	0,157
146,2	0,000	0,000	0,157
146,3	0,000	0,000	0,157
146,4	0,000	0,000	0,157
146,5	0,000	0,000	0,157
146,6	0,000	0,000	0,157
146,7	0,000	0,000	0,157
146,8	0,000	0,000	0,157
146,9	0,000	0,000	0,157
147,0	0,000	0,000	0,157
147,1	0,000	0,000	0,157
147,2	0,000	0,000	0,157
147,3	0,000	0,000	0,157
147,4	0,000	0,000	0,157
147,5	0,000	0,000	0,157
147,6	0,001	0,000	0,157
147,7	0,000	0,000	0,157
147,8	0,000	0,000	0,157
147,9	0,000	0,000	0,157
148,0	0,000	0,000	0,157
148,1	0,000	0,000	0,140
148,2	0,000	0,000	0,157
148,3	0,000	0,000	0,157
148,4	0,000	0,000	0,157
148,5	0,000	0,000	0,157
148,6	0,000	0,000	0,157
148,7	0,000	0,000	0,157
148,8	0,000	0,000	0,157
148,9	0,000	0,000	0,157
149,0	0,000	0,000	0,157
149,1	0,000	0,000	0,157
149,2	0,000	0,000	0,157
149,3	0,000	0,000	0,157
149,4	0,000	0,000	0,157
149,5	0,000	0,000	0,157
149,6	0,000	0,000	0,157
149,7	0,000	0,000	0,157
149,8	0,000	0,000	0,157
149,9	0,000	0,000	0,157
150,0	0,000	0,000	0,157
150,1	0,000	0,000	0,157
150,2	0,000	0,000	0,157
150,3	0,000	0,000	0,157
150,4	0,000	0,000	0,157
150,5	0,000	0,000	0,157
150,6	0,000	0,000	0,157
150,7	0,000	0,000	0,157
150,8	0,000	0,000	0,157
150,9	0,000	0,000	0,157
151,0	0,000	0,000	0,157
151,1	0,000	0,000	0,157
151,2	0,000	0,000	0,157
151,3	0,000	0,000	0,157
151,4	0,000	0,000	0,157
151,5	0,000	0,000	0,157
151,6	0,000	0,000	0,157
151,7	0,000	0,000	0,157
151,8	0,000	0,000	0,157
151,9	0,000	0,000	0,157
152,0	0,000	0,000	0,157
152,1	0,000	0,000	0,157
152,2	0,000	0,000	0,157
152,3	0,000	0,000	0,157
152,4	0,000	0,000	0,157
152,5	0,000	0,000	0,157
152,6	0,000	0,000	0,157
152,7	0,000	0,000	0,157
152,8	0,000	0,000	0,157
152,9	0,000	0,000	0,157
153,0	0,000	0,000	0,157
153,1	0,000	0,000	0,157
153,2	0,000	0,000	0,157
153,3	0,000	0,000	0,157
153,4	0,000	0,000	0,157
153,5	0,000	0,000	0,157
153,6	0,000	0,000	0,157
153,7	0,000	0,000	0,157
153,8	0,000	0,000	0,157
153,9	0,000	0,000	0,157
154,0	0,000	0,000	0,157
154,1	0,000	0,000	0,157
154,2	0,000	0,000	0,157
154,3	0,000	0,000	0,157
154,4	0,000	0,000	0,157
154,5	0,000	0,000	0,157
154,6	0,000	0,000	0,157
154,7	0,000	0,000	0,157
154,8	0,000	0,000	0,157
154,9	0,000	0,000	0,157
155,0	0,000	0,000	0,157
155,1	0,000	0,000	0,157
155,2	0,000	0,000	0,157
155,3	0,000	0,000	0,157
155,4	0,000	0,000	0,157
155,5	0,000	0,000	0,157
155,6	0,000	0,000	0,157
155,7	0,000	0,000	0,157
155,8	0,000	0,000	0,157
155,9	0,000	0,000	0,157
156,0	0,000	0,000	0,157
156,1	0,000	0,000	0,157
156,2	0,000	0,000	0,157
156,3	0,000	0,000	0,157
156,4	0,000	0,000	0,157
156,5	0,000	0,000	0,157
156,6	0,000	0,000	0,157
156,7	0,000	0,000	0,157
156,8	0,000	0,000	0,157
156,9	0,000	0,000	0,157
157,0	0,000	0,000	0,157
157,1	0,000	0,000	0,157
157,2	0,000	0,000	0,157
157,3	0,000	0,000	0,157
157,4	0,000	0,000	0,157
157,5	0,000	0,000	0,157
157,6	0,000	0,000	0,157
157,7	0,000	0,000	0,157
157,8	0,000	0,000	0,157
157,9	0,000	0,000	0,157
158,0	0,000	0,000	0,157
158,1	0,000	0,000	0,157
158,2	0,000	0,000	0,157
158,3	0,000	0,000	0,157
158,4	0,000	0,000	0,157
158,5	0,000	0,000	0,157
158,6	0,000	0,000	0,157
158,7	0,000	0,000	0,157
158,8	0,000	0,000	0,157
158,9	0,000	0,000	0,157
159,0	0,000	0,000	0,157
159,1	0,000	0,000	0,157
159,2	0,000	0,000	0,157
159,3	0,000	0,000	0,157
159,4	0,000	0,000	0,157
159,5	0,000	0,000	0,157
159,6	0,000	0,000	0,157
159,7	0,000	0,000	0,157
159,8	0,000	0,000	0,157
159,9	0,000	0,000	0,157
160,0	0,000	0,000	0,157
160,1	0,000	0,000	0,157
160,2	0,000	0,000	0,157
160,3	0,000	0,000	0,157
160,4	0,000	0,000	0,157
160,5	0,000	0,000	0,157
160,6	0,000	0,000	0,157
160,7	0,000	0,000	0,157
160,8	0,000	0,000	0,157
160,9	0,000	0,000	0,157
161,0	0,000	0,000	0,157
161,1	0,000	0,000	0,157
161,2	0,000	0,000	0,157
161,3	0,000	0,000	0,157
161,4	0,000	0,000	0,157
161,5	0,000	0,000	0,157
161,6	0,000	0,000	0,157
161,7	0,000	0,000	0,157
161,8	0,000	0,000	0,157
161,9	0,000	0,000	0,157
162,0	0,000	0,000	0,157
162,1	0,000	0,000	0,157
162,2	0,000	0,000	0,157
162,3	0,000	0,000	0,157
162,4	0,000	0,000	0,157
162,5	0,000	0,000	0,157
162,6	0,000	0,000	0,157
162,7	0,000	0,000	0,157
162,8	0,000	0,000	0,157
162,9	0,000	0,000	0,157
163,0	0,000	0,000	0,157
163,1	0,000	0,000	0,157
163,2	0,000	0,000	0,157
163,3	0,000	0,000	0,175
163,4	0,000	0,000	0,157
163,5	0,000	0,000	0,157
163,6	0,000	0,000	0,157
163,7	0,000	0,000	0,157
163,8	0,000	0,000	0,157
163,9	0,000	0,000	0,157
164,0	0,000	0,000	0,157
164,1	0,000	0,000	0,157
164,2	0,000	0,000	0,157
164,3	0,000	0,000	0,157
164,4	0,000	0,000	0,157
164,5	0,000	0,000	0,157
164,6	0,000	0,000	0,157
164,7	0,000	0,000	0,157
164,8	0,000	0,000	0,157
164,9	0,000	0,000	0,157
165,0	0,000	0,000	0,157
165,1	0,000	0,000	0,157
165,2	0,000	0,000	0,157
165,3	0,000	0,000	0,157
165,4	0,000	0,000	0,157
165,5	0,000	0,000	0,157
165,6	0,000	0,000	0,157
165,7	0,000	0,000	0,157
165,8	0,001	0,000	0,157
165,9	0,001	0,000	0,157
166,0	0,001	0,000	0,157
166,1	0,001	0,001	0,157
166,2	0,001	0,000	0,157
166,3	0,000	0,000	0,157
166,4	0,000	0,000	0,157
166,5	0,000	0,000	0,157
166,6	0,000	0,000	0,157
166,7	0,000	0,000	0,157
166,8	0,000	0,000	0,157
166,9	0,000	0,000	0,157
167,0	0,000	0,000	0,157
167,1	0,000	0,000	0,157
167,2	0,000	0,000	0,157
167,3	0,000	0,000	0,157
167,4	0,000	0,000	0,157
167,5	0,000	0,000	0,157
167,6	0,000	0,000	0,157
167,7	0,000	0,000	0,157
167,8	0,000	0,000	0,157
167,9	0,000	0,000	0,157
168,0	0,000	0,000	0,157
168,1	0,000	0,000	0,157
168,2	0,000	0,000	0,140
168,3	0,000	0,000	0,175
168,4	0,000	0,000	0,157
168,5	0,000	0,000	0,157
168,6	0,000	0,000	0,157
168,7	0,000	0,000	0,157
168,8	0,000	0,000	0,157
168,9	0,000	0,000	0,157
169,0	0,000	0,000	0,157
169,1	0,000	0,000	0,157
169,2	0,000	0,000	0,157
169,3	0,000	0,000	0,157
169,4	0,000	0,000	0,157
169,5	0,001	0,000	0,157
169,6	0,001	0,000	0,157
169,7	0,001	0,001	0,157
169,8	0,001	0,001	0,157
169,9	0,001	0,001	0,157
170,0	0,001	0,000	0,175
170,1	0,001	0,000	0,157
170,2	0,000	0,000	0,157
170,3	0,000	0,000	0,157
170,4	0,000	0,000	0,157
170,5	0,000	0,000	0,157
170,6	0,000	0,000	0,157
170,7	0,000	0,000	0,157
170,8	0,000	0,000	0,157
170,9	0,000	0,000	0,157
171,0	0,000	0,000	0,157
171,1	0,000	0,000	0,157
171,2	0,000	0,000	0,157
171,3	0,000	0,000	0,157
171,4	0,000	0,000	0,157
171,5	0,000	0,000	0,157
171,6	0,000	0,000	0,157
171,7	0,000	0,000	0,157
171,8	0,000	0,000	0,157
171,9	0,000	0,000	0,157
172,0	0,000	0,000	0,157
172,1	0,000	0,000	0,157
172,2	0,000	0,000	0,157
172,3	0,000	0,000	0,157
172,4	0,000	0,000	0,157
172,5	0,000	0,000	0,157
172,6	0,000	0,000	0,157
172,7	0,000	0,000	0,157
172,8	0,000	0,000	0,157
172,9	0,000	0,000	0,157
173,0	0,000	0,000	0,157
173,1	0,000	0,000	0,157
173,2	0,000	0,000	0,157
173,3	0,000	0,000	0,157
173,4	0,000	0,000	0,157
173,5	0,000	0,000	0,157
173,6	0,000	0,000	0,157
173,7	0,000	0,000	0,157
173,8	0,000	0,000	0,157
173,9	0,000	0,000	0,157
174,0	0,000	0,000	0,157
174,1	0,000	0,000	0,157
174,2	0,000	0,000	0,157
174,3	0,000	0,000	0,157
174,4	0,000	0,000	0,157
174,5	0,000	0,000	0,157
174,6	0,000	0,000	0,157
174,7	0,000	0,000	0,157
174,8	0,000	0,000	0,157
174,9	0,000	0,000	0,157
175,0	0,000	0,000	0,157
175,1	0,000	0,000	0,157
175,2	0,000	0,000	0,157
175,3	0,000	0,000	0,157
175,4	0,000	0,000	0,157
175,5	0,000	0,000	0,157
175,6	0,000	0,000	0,157
175,7	0,000	0,000	0,157
175,8	0,000	0,000	0,157
175,9	0,000	0,000	0,157
176,0	0,000	0,000	0,157
176,1	0,000	0,000	0,157
176,2	0,000	0,000	0,157
176,3	0,000	0,000	0,157
176,4	0,000	0,000	0,157
176,5	0,000	0,000	0,157
176,6	0,000	0,000	0,157
176,7	0,000	0,000	0,157
176,8	0,000	0,000	0,157
176,9	0,000	0,000	0,157
177,0	0,000	0,000	0,157
177,1	0,000	0,000	0,157
177,2	0,000	0,000	0,157
177,3	0,000	0,000	0,157
177,4	0,001	0,000	0,157
177,5	0,000	0,000	0,157
177,6	0,000	0,000	0,157
177,7	0,000	0,000	0,157
177,8	0,000	0,000	0,157
177,9	0,000	0,000	0,157
178,0	0,000	0,000	0,157
178,1	0,000	0,000	0,157
178,2	0,000	0,000	0,157
178,3	0,000	0,000	0,157
178,4	0,000	0,000	0,157
178,5	0,000	0,000	0,157
178,6	0,000	0,000	0,157
178,7	0,000	0,000	0,157
178,8	0,000	0,000	0,157
178,9	0,000	0,000	0,157
179,0	0,000	0,000	0,157
179,1	0,000	0,000	0,157
179,2	0,000	0,000	0,157
179,3	0,000	0,000	0,157
179,4	0,000	0,000	0,157
179,5	0,000	0,000	0,157
179,6	0,000	0,000	0,157
179,7	0,000	0,000	0,157
179,8	0,000	0,000	0,157
179,9	0,000	0,000	0,157
180,0	0,000	0,000	0,157
180,1	0,000	0,000	0,157
180,2	0,000	0,000	0,157
180,3	0,000	0,000	0,157
180,4	0,000	0,000	0,157
180,5	0,000	0,000	0,157
180,6	0,000	0,000	0,157
180,7	0,000	0,000	0,157
180,8	0,000	0,000	0,157
180,9	0,000	0,000	0,157
181,0	0,000	0,000	0,157
181,1	0,000	0,000	0,157
181,2	0,000	0,000	0,157
181,3	0,000	0,000	0,157
181,4	0,000	0,000	0,157
181,5	0,000	0,000	0,157
181,6	0,000	0,000	0,157
181,7	0,000	0,000	0,157
181,8	0,000	0,000	0,157
181,9	0,000	0,000	0,157
182,0	0,000	0,000	0,157
182,1	0,000	0,000	0,157
182,2	0,000	0,000	0,157
182,3	0,000	0,000	0,157
182,4	0,000	0,000	0,157
182,5	0,000	0,000	0,157
182,6	0,000	0,000	0,157
182,7	0,000	0,000	0,157
182,8	0,000	0,000	0,157
182,9	0,000	0,000	0,157
183,0	0,000	0,000	0,157
183,1	0,000	0,000	0,157
183,2	0,000	0,000	0,157
183,3	0,000	0,000	0,157
183,4	0,000	0,000	0,157
183,5	0,000	0,000	0,157
183,6	0,000	0,000	0,157
183,7	0,000	0,000	0,157
183,8	0,000	0,000	0,157
183,9	0,000	0,000	0,157
184,0	0,000	0,000	0,157
184,1	0,000	0,000	0,157
184,2	0,000	0,000	0,157
184,3	0,000	0,000	0,157
184,4	0,000	0,000	0,157
184,5	0,000	0,000	0,157
184,6	0,000	0,000	0,157
184,7	0,000	0,000	0,157
184,8	0,000	0,000	0,157
184,9	0,000	0,000	0,157
185,0	0,000	0,000	0,157
185,1	0,000	0,000	0,157
185,2	0,000	0,000	0,157
185,3	0,000	0,000	0,157
185,4	0,001	0,000	0,157
185,5	0,001	0,000	0,157
185,6	0,000	0,000	0,157
185,7	0,000	0,000	0,157
185,8	0,000	0,000	0,157
185,9	0,000	0,000	0,157
186,0	0,000	0,000	0,157
186,1	0,000	0,000	0,157
186,2	0,000	0,000	0,157
186,3	0,000	0,000	0,157
186,4	0,000	0,000	0,157
186,5	0,000	0,000	0,157
186,6	0,000	0,000	0,157
186,7	0,000	0,000	0,157
186,8	0,000	0,000	0,157
186,9	0,000	0,000	0,157
187,0	0,000	0,000	0,157
187,1	0,000	0,000	0,157
187,2	0,000	0,000	0,157
187,3	0,000	0,000	0,157
187,4	0,000	0,000	0,157
187,5	0,000	0,000	0,157
187,6	0,001	0,000	0,157
187,7	0,001	0,000	0,157
187,8	0,000	0,000	0,157
187,9	0,000	0,000	0,157
188,0	0,000	0,000	0,157
188,1	0,000	0,000	0,157
188,2	0,000	0,000	0,157
188,3	0,000	0,000	0,157
188,4	0,000	0,000	0,157
188,5	0,000	0,000	0,157
188,6	0,000	0,000	0,157
188,7	0,000	0,000	0,157
188,8	0,000	0,000	0,157
188,9	0,000	0,000	0,157
189,0	0,000	0,000	0,157
189,1	0,000	0,000	0,157
189,2	0,000	0,000	0,157
189,3	0,000	0,000	0,157
189,4	0,000	0,000	0,157
189,5	0,000	0,000	0,157
189,6	0,001	0,000	0,157
189,7	0,001	0,000	0,157
189,8	0,001	0,000	0,157
189,9	0,001	0,000	0,157
190,0	0,001	0,000	0,157
190,1	0,001	0,000	0,157
190,2	0,000	0,000	0,157
190,3	0,000	0,000	0,157
190,4	0,000	0,000	0,157
190,5	0,000	0,000	0,157
190,6	0,000	0,000	0,157
190,7	0,000	0,000	0,157
190,8	0,000	0,000	0,157
190,9	0,000	0,000	0,157
191,0	0,000	0,000	0,157
191,1	0,000	0,000	0,157
191,2	0,000	0,000	0,157
191,3	0,001	0,000	0,157
191,4	0,000	0,000	0,157
191,5	0,000	0,000	0,157
191,6	0,000	0,000	0,157
191,7	0,000	0,000	0,157
191,8	0,000	0,000	0,157
191,9	0,000	0,000	0,157
192,0	0,000	0,000	0,157
192,1	0,000	0,000	0,157
192,2	0,000	0,000	0,157
192,3	0,000	0,000	0,157
192,4	0,000	0,000	0,157
192,5	0,001	0,000	0,157
192,6	0,001	0,000	0,157
192,7	0,001	0,000	0,157
192,8	0,001	0,000	0,157
192,9	0,000	0,000	0,157
193,0	0,000	0,000	0,157
193,1	0,000	0,000	0,157
193,2	0,000	0,000	0,157
193,3	0,000	0,000	0,157
193,4	0,001	0,000	0,157
193,5	0,001	0,000	0,157
193,6	0,001	0,000	0,157
193,7	0,001	0,000	0,157
193,8	0,001	0,000	0,157
193,9	0,001	0,000	0,157
194,0	0,001	0,000	0,157
194,1	0,001	0,000	0,157
194,2	0,001	-0,001	0,157
194,3	0,001	-0,001	0,157
194,4	0,001	0,000	0,157
194,5	0,001	0,000	0,157
194,6	0,001	0,000	0,157
194,7	0,001	-0,001	0,157
194,8	0,001	0,000	0,157
194,9	0,001	0,000	0,157
195,0	0,001	0,000	0,157
195,1	0,001	-0,001	0,157
195,2	0,001	0,000	0,157
195,3	0,001	0,001	0,157
195,4	0,001	0,001	0,157
195,5	0,001	0,000	0,157
195,6	0,001	-0,001	0,157
195,7	0,001	-0,001	0,157
195,8	0,001	0,001	0,157
195,9	0,001	0,000	0,157
196,0	0,001	-0,001	0,157
196,1	0,001	-0,001	0,157
196,2	0,001	0,000	0,157
196,3	0,001	0,001	0,157
196,4	0,001	0,000	0,157
196,5	0,002	-0,002	0,157
196,6	0,002	-0,001	0,157
196,7	0,002	0,001	0,157
196,8	0,002	0,001	0,157
196,9	0,002	-0,001	0,157
197,0	0,002	-0,002	0,157
197,1	0,002	0,000	0,157
197,2	0,002	0,002	0,157
197,3	0,002	0,000	0,157
197,4	0,002	-0,002	0,157
197,5	0,002	-0,001	0,157
197,6	0,002	0,002	0,157
197,7	0,003	0,002	0,157
197,8	0,003	-0,002	0,157
197,9	0,003	-0,003	0,157
198,0	0,004	0,001	0,157
198,1	0,004	0,004	0,157
198,2	0,004	0,000	0,157
198,3	0,004	-0,004	0,157
198,4	0,004	-0,002	0,157
198,5	0,004	0,003	0,157
198,6	0,005	0,003	0,157
198,7	0,005	-0,003	0,157
198,8	0,005	-0,005	0,157
198,9	0,006	0,000	0,157
199,0	0,006	0,006	0,157
199,1	0,006	0,001	0,157
199,2	0,007	-0,006	0,157
199,3	0,007	-0,005	0,157
199,4	0,007	0,005	0,157
199,5	0,008	0,006	0,157
199,6	0,008	-0,003	0,157
199,7	0,009	-0,009	0,157
199,8	0,010	0,000	0,157
199,9	0,010	0,010	0,157
