time [µs]	HF [V]	NF [V]	TGC [dB]
0,0	0,381	0,060	0,157
0,1	0,532	0,527	0,315
0,2	0,698	0,480	-0,157
0,3	0,796	-0,139	-0,157
0,4	0,764	-0,668	0,472
0,5	0,617	-0,628	0,682
0,6	0,469	-0,342	0,420
0,7	0,462	-0,314	0,087
0,8	0,665	-0,345	0,000
0,9	0,995	0,146	0,000
1,0	1,265	1,004	0,157
1,1	1,310	1,233	0,315
1,2	1,126	0,356	0,157
1,3	0,878	-0,684	0,157
1,4	0,778	-0,596	0,000
1,5	0,916	0,497	0,000
1,6	1,177	1,113	0,140
1,7	1,340	0,357	0,175
1,8	1,259	-0,861	0,192
1,9	0,988	-1,052	0,157
2,0	0,733	-0,124	0,017
2,1	0,680	0,574	0,017
2,2	0,833	0,119	0,157
2,3	1,017	-0,829	0,315
2,4	1,032	-1,059	0,157
2,5	0,827	-0,426	0,105
2,6	0,534	0,141	0,052
2,7	0,349	0,040	0,157
2,8	0,364	-0,295	0,157
2,9	0,502	-0,198	0,157
3,0	0,600	0,258	0,157
3,1	0,556	0,485	0,140
3,2	0,407	0,288	0,157
3,3	0,274	0,068	0,157
3,4	0,247	0,162	0,157
3,5	0,312	0,393	0,157
3,6	0,382	0,427	0,157
3,7	0,389	0,277	0,157
3,8	0,337	0,208	0,157
3,9	0,285	0,295	0,157
4,0	0,274	0,345	0,140
4,1	0,297	0,231	0,157
4,2	0,308	0,077	0,157
4,3	0,277	0,038	0,157
4,4	0,220	0,073	0,157
4,5	0,173	0,049	0,157
4,6	0,156	-0,043	0,157
4,7	0,158	-0,091	0,157
4,8	0,151	-0,056	0,157
4,9	0,125	-0,016	0,157
5,0	0,099	-0,031	0,157
5,1	0,094	-0,070	0,157
5,2	0,114	-0,086	0,157
5,3	0,136	-0,096	0,157
5,4	0,134	-0,117	0,157
5,5	0,106	-0,106	0,157
5,6	0,074	-0,028	0,122
5,7	0,066	0,055	0,140
5,8	0,087	0,046	0,157
5,9	0,116	-0,051	0,157
6,0	0,125	-0,122	0,157
6,1	0,104	-0,085	0,157
6,2	0,069	0,005	0,157
6,3	0,046	0,038	0,140
6,4	0,048	-0,013	0,140
6,5	0,069	-0,072	0,157
6,6	0,085	-0,070	0,157
6,7	0,080	-0,015	0,157
6,8	0,055	0,032	0,157
6,9	0,026	0,033	0,140
7,0	0,012	0,003	0,140
7,1	0,020	-0,011	0,157
7,2	0,047	0,022	0,157
7,3	0,083	0,080	0,157
7,4	0,119	0,095	0,157
7,5	0,149	0,017	0,157
7,6	0,168	-0,110	0,105
7,7	0,171	-0,171	0,157
7,8	0,154	-0,102	0,157
7,9	0,122	0,025	0,157
8,0	0,086	0,082	0,157
8,1	0,059	0,032	0,157
8,2	0,047	-0,037	0,157
8,3	0,048	-0,034	0,157
8,4	0,054	0,027	0,157
8,5	0,058	0,056	0,157
8,6	0,056	0,018	0,157
8,7	0,050	-0,035	0,157
8,8	0,043	-0,040	0,157
8,9	0,035	-0,005	0,157
9,0	0,029	0,023	0,157
9,1	0,023	0,023	0,140
9,2	0,021	0,017	0,122
9,3	0,024	0,015	0,157
9,4	0,030	0,005	0,157
9,5	0,035	-0,020	0,157
9,6	0,035	-0,036	0,157
9,7	0,029	-0,021	0,157
9,8	0,020	0,006	0,157
9,9	0,013	0,010	0,157
10,0	0,011	-0,007	0,122
10,1	0,015	-0,015	0,157
10,2	0,019	0,003	0,157
10,3	0,022	0,020	0,157
10,4	0,022	0,009	0,140
10,5	0,023	-0,018	0,157
10,6	0,026	-0,022	0,157
10,7	0,031	0,007	0,157
10,8	0,035	0,033	0,157
10,9	0,034	0,024	0,122
11,0	0,030	-0,008	0,070
11,1	0,024	-0,024	0,157
11,2	0,021	-0,007	0,157
11,3	0,021	0,018	0,157
11,4	0,023	0,019	0,122
11,5	0,024	-0,002	0,157
11,6	0,022	-0,019	0,122
11,7	0,017	-0,014	0,157
11,8	0,011	0,001	0,157
11,9	0,007	0,007	0,157
12,0	0,006	0,001	0,140
12,1	0,006	-0,006	0,157
12,2	0,007	-0,001	0,157
12,3	0,009	0,008	0,157
12,4	0,011	0,010	0,157
12,5	0,013	0,000	0,157
12,6	0,013	-0,011	0,157
12,7	0,012	-0,010	0,157
12,8	0,009	-0,001	0,157
12,9	0,005	0,005	0,157
13,0	0,003	0,002	0,122
13,1	0,005	0,000	0,157
13,2	0,009	0,006	0,105
13,3	0,015	0,016	0,157
13,4	0,020	0,015	0,157
13,5	0,022	0,001	0,157
13,6	0,020	-0,014	0,157
13,7	0,015	-0,015	0,157
13,8	0,009	-0,005	0,157
13,9	0,005	0,002	0,157
14,0	0,004	0,001	0,122
14,1	0,008	0,003	0,157
14,2	0,016	0,014	0,157
14,3	0,024	0,023	0,157
14,4	0,030	0,013	0,140
14,5	0,031	-0,012	1,137
14,6	0,028	-0,027	3,307
14,7	0,021	-0,016	5,127
14,8	0,015	0,005	6,229
14,9	0,011	0,009	6,929
15,0	0,012	-0,007	7,402
15,1	0,018	-0,019	7,577
15,2	0,025	-0,006	7,769
15,3	0,030	0,020	7,874
15,4	0,032	0,031	7,927
15,5	0,029	0,015	8,031
15,6	0,022	-0,007	8,031
15,7	0,014	-0,014	8,189
15,8	0,008	-0,006	8,189
15,9	0,006	0,001	8,189
16,0	0,007	-0,004	8,189
16,1	0,009	-0,011	8,329
16,2	0,012	-0,009	8,346
16,3	0,012	0,002	8,346
16,4	0,011	0,010	8,346
16,5	0,010	0,008	8,364
16,6	0,010	0,000	8,469
16,7	0,010	-0,005	8,504
16,8	0,010	-0,007	8,504
16,9	0,010	-0,009	8,504
17,0	0,011	-0,011	8,504
17,1	0,012	-0,009	8,591
17,2	0,012	-0,001	8,644
17,3	0,012	0,008	8,661
17,4	0,010	0,010	8,661
17,5	0,008	0,005	8,661
17,6	0,006	0,000	8,749
17,7	0,005	-0,003	8,819
17,8	0,005	-0,004	8,819
17,9	0,006	-0,006	8,819
18,0	0,007	-0,007	8,819
18,1	0,009	-0,003	8,854
18,2	0,010	0,006	8,819
18,3	0,012	0,011	8,959
18,4	0,012	0,006	8,976
18,5	0,011	-0,005	8,976
18,6	0,009	-0,010	8,976
18,7	0,007	-0,004	9,046
18,8	0,006	0,004	9,099
18,9	0,007	0,004	9,134
19,0	0,010	-0,005	9,134
19,1	0,013	-0,013	9,134
19,2	0,014	-0,010	9,151
19,3	0,013	0,000	9,256
19,4	0,009	0,007	9,291
19,5	0,006	0,006	9,291
19,6	0,003	0,003	9,291
19,7	0,004	0,003	9,309
19,8	0,006	0,003	9,361
19,9	0,009	0,000	9,449
20,0	0,013	-0,008	9,449
20,1	0,015	-0,015	9,449
20,2	0,016	-0,015	9,449
20,3	0,016	-0,008	9,501
20,4	0,015	0,000	9,589
20,5	0,014	0,007	9,606
20,6	0,012	0,011	9,606
20,7	0,011	0,010	9,606
20,8	0,009	0,006	9,606
20,9	0,007	0,000	9,746
21,0	0,005	-0,004	9,764
21,1	0,003	-0,003	9,764
21,2	0,002	-0,002	9,764
21,3	0,002	-0,002	9,781
21,4	0,003	-0,003	9,781
21,5	0,004	-0,003	9,921
21,6	0,004	-0,003	9,921
21,7	0,005	-0,002	9,921
21,8	0,004	-0,001	9,921
21,9	0,003	0,001	10,079
22,0	0,002	0,002	10,079
22,1	0,002	0,001	10,079
22,2	0,003	-0,002	10,079
22,3	0,005	-0,005	10,184
22,4	0,007	-0,006	10,201
22,5	0,009	-0,004	10,236
22,6	0,011	-0,001	10,236
22,7	0,013	0,003	10,236
22,8	0,014	0,007	10,236
22,9	0,016	0,013	10,359
23,0	0,017	0,017	10,394
23,1	0,016	0,016	10,394
23,2	0,015	0,012	10,394
23,3	0,014	0,007	10,411
23,4	0,012	0,002	10,464
23,5	0,012	-0,002	10,534
23,6	0,013	-0,007	10,551
23,7	0,014	-0,012	10,551
23,8	0,015	-0,015	10,551
23,9	0,016	-0,014	10,604
24,0	0,018	-0,010	10,551
24,1	0,019	-0,001	10,709
24,2	0,020	0,009	10,709
24,3	0,019	0,016	10,709
24,4	0,017	0,017	10,709
24,5	0,015	0,014	10,831
24,6	0,011	0,008	10,866
24,7	0,008	0,002	10,866
24,8	0,006	-0,002	10,866
24,9	0,005	-0,001	10,884
25,0	0,006	0,006	10,919
25,1	0,010	0,010	11,024
25,2	0,015	0,002	11,024
25,3	0,019	-0,012	11,024
25,4	0,020	-0,018	11,024
25,5	0,016	-0,009	11,041
25,6	0,010	0,003	11,076
25,7	0,006	0,005	11,181
25,8	0,006	0,000	11,181
25,9	0,011	0,002	11,181
26,0	0,018	0,014	11,216
26,1	0,021	0,020	11,321
26,2	0,018	0,012	11,339
26,3	0,012	-0,001	11,339
26,4	0,007	-0,003	11,339
26,5	0,007	0,000	11,374
26,6	0,013	-0,006	11,374
26,7	0,018	-0,016	11,496
26,8	0,018	-0,016	11,496
26,9	0,014	-0,003	11,496
27,0	0,009	0,005	11,496
27,1	0,010	-0,002	11,531
27,2	0,018	-0,006	11,584
27,3	0,027	0,010	11,654
27,4	0,032	0,031	11,654
27,5	0,028	0,027	11,654
27,6	0,018	0,004	11,654
27,7	0,011	-0,003	11,776
27,8	0,012	0,013	11,811
27,9	0,020	0,018	11,811
28,0	0,028	-0,008	11,811
28,1	0,033	-0,030	11,829
28,2	0,031	-0,011	11,846
28,3	0,027	0,022	11,969
28,4	0,025	0,015	11,969
28,5	0,027	-0,023	11,969
28,6	0,032	-0,027	11,969
28,7	0,035	0,012	12,056
28,8	0,034	0,024	12,073
28,9	0,029	-0,020	12,126
29,0	0,027	-0,035	12,126
29,1	0,042	0,025	12,126
29,2	0,094	0,026	12,126
29,3	0,205	-0,168	12,283
29,4	0,388	-0,363	12,283
29,5	0,634	-0,127	12,283
29,6	0,902	0,593	12,283
29,7	1,133	1,118	12,283
29,8	1,284	0,670	12,283
29,9	1,347	-0,568	12,458
30,0	1,361	-1,367	12,441
30,1	1,375	-0,761	12,441
30,2	1,412	0,702	12,441
30,3	1,447	1,432	12,441
30,4	1,432	0,615	12,563
30,5	1,339	-0,797	12,738
30,6	1,199	-1,194	12,598
30,7	1,085	-0,215	12,598
30,8	1,055	0,899	12,581
30,9	1,092	0,871	12,703
31,0	1,110	-0,142	12,756
31,1	1,014	-0,914	12,878
31,2	0,782	-0,719	12,756
31,3	0,495	-0,054	12,756
31,4	0,282	0,202	12,861
31,5	0,234	-0,095	12,913
31,6	0,330	-0,364	12,913
31,7	0,461	-0,190	12,913
31,8	0,513	0,204	12,913
31,9	0,447	0,390	12,983
32,0	0,314	0,298	13,071
32,1	0,203	0,171	13,071
32,2	0,164	0,143	13,071
32,3	0,177	0,116	13,106
32,4	0,186	0,010	13,123
32,5	0,155	-0,084	13,228
32,6	0,098	-0,074	13,228
32,7	0,062	-0,024	13,228
32,8	0,075	-0,053	13,228
32,9	0,123	-0,133	13,351
33,0	0,160	-0,137	13,368
33,1	0,151	-0,036	13,386
33,2	0,100	0,055	13,386
33,3	0,043	0,049	13,386
33,4	0,015	0,001	13,386
33,5	0,023	0,005	13,543
33,6	0,048	0,049	13,543
33,7	0,062	0,052	13,543
33,8	0,057	-0,001	13,543
33,9	0,041	-0,034	13,543
34,0	0,032	-0,002	13,543
34,1	0,035	0,042	13,701
34,2	0,043	0,034	13,701
34,3	0,047	-0,012	13,701
34,4	0,040	-0,031	13,701
34,5	0,029	-0,003	13,788
34,6	0,020	0,024	13,806
34,7	0,015	0,017	13,858
34,8	0,015	-0,005	13,858
34,9	0,016	-0,006	13,858
35,0	0,017	0,010	13,876
35,1	0,019	0,011	14,016
35,2	0,023	-0,009	13,998
35,3	0,026	-0,026	14,016
35,4	0,025	-0,023	14,016
35,5	0,022	-0,015	14,016
35,6	0,021	-0,018	14,016
35,7	0,027	-0,025	14,173
35,8	0,038	-0,018	14,173
35,9	0,051	0,010	14,173
36,0	0,060	0,042	14,173
36,1	0,064	0,060	14,208
36,2	0,062	0,057	14,278
36,3	0,059	0,036	14,331
36,4	0,057	0,008	14,331
36,5	0,056	-0,019	14,331
36,6	0,057	-0,041	14,348
36,7	0,057	-0,054	14,471
36,8	0,057	-0,054	14,488
36,9	0,055	-0,034	14,488
37,0	0,048	0,000	14,488
37,1	0,038	0,025	14,488
37,2	0,026	0,025	14,506
37,3	0,018	0,012	14,646
37,4	0,020	0,012	14,646
37,5	0,033	0,035	14,646
37,6	0,052	0,053	14,646
37,7	0,069	0,035	14,681
37,8	0,074	-0,013	14,768
37,9	0,066	-0,051	14,803
38,0	0,049	-0,052	14,803
38,1	0,031	-0,028	14,803
38,2	0,021	-0,012	14,803
38,3	0,020	-0,015	14,943
38,4	0,025	-0,019	14,961
38,5	0,030	-0,010	14,961
38,6	0,031	0,007	14,961
38,7	0,030	0,018	14,961
38,8	0,029	0,023	14,996
38,9	0,030	0,029	15,118
39,0	0,035	0,035	15,118
39,1	0,039	0,030	15,118
39,2	0,040	0,008	15,118
39,3	0,036	-0,016	15,276
39,4	0,028	-0,025	15,276
39,5	0,017	-0,017	15,276
39,6	0,008	-0,006	15,276
39,7	0,003	-0,002	15,276
39,8	0,001	-0,001	15,276
39,9	0,003	0,002	15,416
40,0	0,008	0,003	15,433
40,1	0,015	-0,006	15,433
40,2	0,023	-0,022	15,433
40,3	0,031	-0,028	15,486
40,4	0,037	-0,013	15,486
40,5	0,039	0,015	15,573
40,6	0,036	0,033	15,591
40,7	0,030	0,031	15,591
40,8	0,024	0,019	15,591
40,9	0,021	0,011	15,731
41,0	0,021	0,009	15,748
41,1	0,026	0,001	15,748
41,2	0,031	-0,016	15,748
41,3	0,034	-0,031	15,766
41,4	0,032	-0,030	15,766
41,5	0,026	-0,015	15,906
41,6	0,018	0,000	15,906
41,7	0,013	0,005	15,906
41,8	0,011	0,005	15,906
41,9	0,012	0,008	15,941
42,0	0,014	0,013	16,028
42,1	0,015	0,015	16,063
42,2	0,014	0,011	16,063
42,3	0,013	0,006	16,098
42,4	0,012	0,003	16,063
42,5	0,013	0,000	16,220
42,6	0,016	-0,007	16,220
42,7	0,019	-0,016	16,220
42,8	0,020	-0,020	16,220
42,9	0,020	-0,016	16,238
43,0	0,019	-0,008	16,238
43,1	0,020	0,001	16,378
43,2	0,021	0,011	16,378
43,3	0,023	0,020	16,378
43,4	0,023	0,023	16,378
43,5	0,021	0,017	16,413
43,6	0,017	0,007	16,518
43,7	0,014	0,002	16,535
43,8	0,014	0,002	16,535
43,9	0,018	-0,001	16,535
44,0	0,025	-0,014	16,553
44,1	0,033	-0,030	16,693
44,2	0,038	-0,036	16,693
44,3	0,040	-0,023	16,693
44,4	0,040	0,001	16,693
44,5	0,038	0,023	16,693
44,6	0,036	0,034	16,728
44,7	0,033	0,033	16,833
44,8	0,030	0,024	16,850
44,9	0,026	0,012	16,850
45,0	0,022	0,003	16,850
45,1	0,019	-0,003	16,903
45,2	0,018	-0,007	16,885
45,3	0,019	-0,013	17,008
45,4	0,021	-0,019	17,008
45,5	0,022	-0,022	17,008
45,6	0,021	-0,016	17,025
45,7	0,018	-0,005	17,165
45,8	0,013	0,004	17,165
45,9	0,009	0,006	17,165
46,0	0,007	0,004	17,165
46,1	0,008	0,005	17,183
46,2	0,010	0,009	17,165
46,3	0,012	0,013	17,323
46,4	0,014	0,012	17,323
46,5	0,015	0,006	17,323
46,6	0,014	-0,002	17,323
46,7	0,013	-0,009	17,323
46,8	0,012	-0,012	17,445
46,9	0,011	-0,010	17,480
47,0	0,011	-0,005	17,480
47,1	0,011	0,001	17,480
47,2	0,012	0,007	17,480
47,3	0,012	0,011	17,638
47,4	0,011	0,010	17,638
47,5	0,009	0,007	17,638
47,6	0,006	0,002	17,638
47,7	0,005	0,001	17,638
47,8	0,005	0,003	17,743
47,9	0,007	0,005	17,795
48,0	0,009	0,002	17,795
48,1	0,011	-0,005	17,795
48,2	0,012	-0,010	17,795
48,3	0,010	-0,010	17,918
48,4	0,008	-0,005	17,935
48,5	0,005	0,000	17,953
48,6	0,003	0,002	17,953
48,7	0,003	0,001	17,953
48,8	0,005	0,001	17,953
48,9	0,007	0,005	18,110
49,0	0,010	0,010	18,110
49,1	0,011	0,010	18,110
49,2	0,011	0,005	18,110
49,3	0,010	-0,002	18,145
49,4	0,008	-0,007	18,180
49,5	0,006	-0,006	18,268
49,6	0,005	-0,001	18,268
49,7	0,006	0,004	18,268
49,8	0,006	0,006	18,268
49,9	0,008	0,007	18,390
50,0	0,009	0,007	18,425
50,1	0,010	0,005	18,425
50,2	0,010	0,001	18,425
50,3	0,010	-0,004	18,443
50,4	0,009	-0,007	18,443
50,5	0,008	-0,007	18,583
50,6	0,007	-0,007	18,583
50,7	0,007	-0,007	18,583
50,8	0,008	-0,007	18,583
50,9	0,010	-0,005	18,618
51,0	0,011	0,001	18,688
51,1	0,011	0,006	18,740
51,2	0,010	0,009	18,740
51,3	0,010	0,009	18,758
51,4	0,010	0,009	18,740
51,5	0,010	0,010	18,863
51,6	0,010	0,009	18,880
51,7	0,010	0,007	18,898
51,8	0,010	0,005	18,898
51,9	0,010	0,003	18,898
52,0	0,010	0,001	18,898
52,1	0,011	-0,001	19,055
52,2	0,011	-0,004	19,055
52,3	0,011	-0,007	19,055
52,4	0,009	-0,008	19,055
52,5	0,008	-0,008	19,090
52,6	0,007	-0,007	19,073
52,7	0,006	-0,006	19,213
52,8	0,007	-0,006	19,213
52,9	0,008	-0,007	19,213
53,0	0,010	-0,006	19,213
53,1	0,011	-0,001	19,300
53,2	0,013	0,007	19,353
53,3	0,013	0,012	19,370
53,4	0,013	0,012	19,370
53,5	0,011	0,009	19,370
53,6	0,010	0,004	19,370
53,7	0,009	0,002	19,493
53,8	0,009	0,001	19,528
53,9	0,009	0,000	19,528
54,0	0,011	-0,003	19,528
54,1	0,013	-0,007	19,545
54,2	0,013	-0,011	19,598
54,3	0,014	-0,014	19,685
54,4	0,013	-0,012	19,685
54,5	0,012	-0,009	19,685
54,6	0,011	-0,005	19,703
54,7	0,011	-0,001	19,808
54,8	0,012	0,004	19,808
54,9	0,014	0,011	19,843
55,0	0,016	0,016	19,843
55,1	0,017	0,015	19,843
55,2	0,016	0,007	19,843
55,3	0,014	-0,002	19,983
55,4	0,012	-0,007	20,000
55,5	0,011	-0,009	20,000
55,6	0,012	-0,012	20,000
55,7	0,013	-0,012	20,140
55,8	0,011	-0,006	20,070
55,9	0,008	0,002	20,157
56,0	0,004	0,005	20,157
56,1	0,003	0,000	20,157
56,2	0,006	-0,005	20,175
56,3	0,011	-0,002	20,315
56,4	0,016	0,008	20,315
56,5	0,019	0,018	20,315
56,6	0,022	0,023	20,315
56,7	0,026	0,022	20,420
56,8	0,031	0,013	20,472
56,9	0,035	-0,005	20,472
57,0	0,036	-0,024	20,472
57,1	0,031	-0,031	20,472
57,2	0,023	-0,023	20,490
57,3	0,017	-0,012	20,525
57,4	0,018	-0,011	20,507
57,5	0,023	-0,011	20,630
57,6	0,027	0,001	20,630
57,7	0,027	0,020	20,630
57,8	0,021	0,025	20,630
57,9	0,015	0,011	20,735
58,0	0,011	0,000	20,787
58,1	0,013	0,009	20,787
58,2	0,017	0,023	20,787
58,3	0,022	0,021	20,910
58,4	0,027	0,013	20,945
58,5	0,041	0,020	20,945
58,6	0,072	0,015	20,945
58,7	0,125	-0,063	20,945
58,8	0,199	-0,196	20,962
58,9	0,287	-0,230	21,102
59,0	0,380	-0,022	21,102
59,1	0,469	0,343	21,102
59,2	0,548	0,545	21,102
59,3	0,610	0,326	21,102
59,4	0,645	-0,199	21,120
59,5	0,648	-0,599	21,260
59,6	0,614	-0,537	21,260
59,7	0,549	-0,096	21,260
59,8	0,466	0,317	21,260
59,9	0,381	0,379	21,260
60,0	0,308	0,123	21,347
60,1	0,257	-0,158	21,417
60,2	0,229	-0,225	21,417
60,3	0,219	-0,077	21,417
60,4	0,217	0,117	21,417
60,5	0,211	0,206	21,435
60,6	0,194	0,159	21,540
60,7	0,162	0,047	21,575
60,8	0,121	-0,039	21,575
60,9	0,084	-0,061	21,627
61,0	0,063	-0,048	21,610
61,1	0,064	-0,048	21,732
61,2	0,082	-0,078	21,732
61,3	0,102	-0,102	21,732
61,4	0,109	-0,082	21,732
61,5	0,096	-0,024	21,732
61,6	0,072	0,022	21,732
61,7	0,050	0,029	21,890
61,8	0,042	0,018	21,890
61,9	0,052	0,028	21,890
62,0	0,071	0,062	21,907
62,1	0,087	0,087	22,047
62,2	0,092	0,073	22,047
62,3	0,084	0,027	22,047
62,4	0,070	-0,017	22,047
62,5	0,055	-0,039	22,082
62,6	0,042	-0,040	22,082
62,7	0,030	-0,030	22,205
62,8	0,019	-0,018	22,187
62,9	0,012	-0,009	22,205
63,0	0,011	-0,009	22,205
63,1	0,014	-0,016	22,205
63,2	0,021	-0,020	22,205
63,3	0,026	-0,010	22,362
63,4	0,027	0,007	22,362
63,5	0,024	0,019	22,362
63,6	0,018	0,018	22,362
63,7	0,013	0,011	22,380
63,8	0,011	0,003	22,502
63,9	0,012	-0,003	22,520
64,0	0,013	-0,009	22,520
64,1	0,014	-0,013	22,555
64,2	0,014	-0,011	22,607
64,3	0,013	-0,004	22,642
64,4	0,012	0,003	22,642
64,5	0,011	0,007	22,677
64,6	0,011	0,008	22,677
64,7	0,011	0,010	22,712
64,8	0,011	0,012	22,817
64,9	0,012	0,012	22,835
65,0	0,013	0,009	22,835
65,1	0,014	0,005	22,835
65,2	0,014	0,000	22,835
65,3	0,015	-0,006	22,992
65,4	0,016	-0,013	22,992
65,5	0,016	-0,017	22,992
65,6	0,016	-0,014	22,992
65,7	0,015	-0,006	22,992
65,8	0,013	0,002	22,992
65,9	0,010	0,007	23,132
66,0	0,007	0,007	23,115
66,1	0,005	0,005	23,150
66,2	0,004	0,003	23,150
66,3	0,004	0,004	23,272
66,4	0,006	0,006	23,290
66,5	0,008	0,007	23,307
66,6	0,009	0,004	23,307
66,7	0,009	-0,002	23,307
66,8	0,008	-0,007	23,307
66,9	0,007	-0,007	23,447
67,0	0,007	-0,002	23,447
67,1	0,006	0,004	23,465
67,2	0,006	0,006	23,465
67,3	0,005	0,005	23,465
67,4	0,005	0,003	23,570
67,5	0,004	0,002	23,622
67,6	0,004	0,002	23,622
67,7	0,005	0,003	23,622
67,8	0,006	0,001	23,622
67,9	0,007	-0,001	23,692
68,0	0,007	-0,004	23,745
68,1	0,007	-0,005	23,780
68,2	0,006	-0,006	23,780
68,3	0,006	-0,006	23,780
68,4	0,006	-0,004	23,780
68,5	0,007	0,000	23,850
68,6	0,007	0,005	23,832
68,7	0,008	0,007	23,937
68,8	0,007	0,006	23,937
68,9	0,006	0,002	23,990
69,0	0,004	-0,002	24,059
69,1	0,002	-0,002	24,094
69,2	0,002	0,001	24,094
69,3	0,003	0,004	24,094
69,4	0,006	0,005	24,094
69,5	0,009	0,004	24,164
69,6	0,012	0,000	24,199
69,7	0,013	-0,007	24,252
69,8	0,014	-0,013	24,252
69,9	0,015	-0,015	24,252
70,0	0,014	-0,012	24,252
70,1	0,014	-0,006	24,304
70,2	0,013	0,001	24,392
70,3	0,014	0,007	24,409
70,4	0,014	0,012	24,409
70,5	0,015	0,015	24,409
70,6	0,016	0,014	24,479
70,7	0,016	0,010	24,567
70,8	0,015	0,005	24,567
70,9	0,015	-0,001	24,567
71,0	0,014	-0,005	24,567
71,1	0,013	-0,008	24,672
71,2	0,013	-0,011	24,689
71,3	0,012	-0,012	24,724
71,4	0,012	-0,012	24,724
71,5	0,011	-0,011	24,724
71,6	0,011	-0,010	24,724
71,7	0,012	-0,008	24,794
71,8	0,013	-0,004	24,882
71,9	0,013	0,003	24,882
72,0	0,014	0,009	24,882
72,1	0,014	0,013	24,899
72,2	0,013	0,013	24,899
72,3	0,013	0,010	25,022
72,4	0,012	0,004	25,039
72,5	0,011	-0,001	25,039
72,6	0,009	-0,005	25,039
72,7	0,008	-0,006	25,179
72,8	0,007	-0,006	25,197
72,9	0,007	-0,007	25,197
73,0	0,008	-0,008	25,197
73,1	0,009	-0,008	25,197
73,2	0,009	-0,004	25,197
73,3	0,009	0,001	25,284
73,4	0,010	0,007	25,319
73,5	0,009	0,009	25,354
73,6	0,009	0,008	25,354
73,7	0,008	0,005	25,424
73,8	0,006	0,001	25,459
73,9	0,004	-0,002	25,512
74,0	0,003	-0,001	25,512
74,1	0,002	0,001	25,512
74,2	0,003	0,002	25,529
74,3	0,005	0,000	25,582
74,4	0,006	-0,004	25,617
74,5	0,006	-0,006	25,669
74,6	0,005	-0,004	25,669
74,7	0,004	0,000	25,669
74,8	0,003	0,003	25,669
74,9	0,003	0,003	25,757
75,0	0,004	0,003	25,809
75,1	0,005	0,003	25,827
75,2	0,006	0,004	25,827
75,3	0,007	0,002	25,984
75,4	0,008	-0,001	25,932
75,5	0,008	-0,004	25,984
75,6	0,008	-0,005	25,984
75,7	0,007	-0,006	25,984
75,8	0,006	-0,006	25,984
75,9	0,004	-0,005	26,054
76,0	0,003	-0,002	26,054
76,1	0,003	0,001	26,142
76,2	0,003	0,002	26,142
76,3	0,003	0,001	26,142
76,4	0,003	-0,002	26,142
76,5	0,003	-0,003	26,264
76,6	0,003	-0,002	26,299
76,7	0,003	-0,002	26,299
76,8	0,003	-0,002	26,299
76,9	0,004	-0,004	26,352
77,0	0,004	-0,004	26,369
77,1	0,005	-0,004	26,457
77,2	0,006	-0,005	26,457
77,3	0,007	-0,007	26,457
77,4	0,009	-0,006	26,457
77,5	0,010	0,000	26,492
77,6	0,011	0,007	26,527
77,7	0,012	0,011	26,614
77,8	0,012	0,011	26,614
77,9	0,011	0,008	26,614
78,0	0,011	0,004	26,614
78,1	0,012	-0,001	26,754
78,2	0,013	-0,006	26,772
78,3	0,013	-0,011	26,772
78,4	0,012	-0,012	26,772
78,5	0,010	-0,009	26,789
78,6	0,008	-0,004	26,772
78,7	0,006	0,000	26,894
78,8	0,004	0,002	26,929
78,9	0,004	0,003	26,929
79,0	0,004	0,004	26,929
79,1	0,006	0,005	26,982
79,2	0,007	0,004	27,069
79,3	0,008	0,001	27,087
79,4	0,009	-0,003	27,087
79,5	0,009	-0,007	27,087
79,6	0,009	-0,008	27,087
79,7	0,008	-0,008	27,244
79,8	0,008	-0,007	27,244
79,9	0,007	-0,004	27,244
80,0	0,007	0,000	27,244
80,1	0,006	0,004	27,262
80,2	0,007	0,006	27,262
80,3	0,007	0,006	27,367
80,4	0,007	0,003	27,402
80,5	0,008	-0,001	27,402
80,6	0,007	-0,004	27,402
80,7	0,007	-0,006	27,437
80,8	0,006	-0,006	27,489
80,9	0,006	-0,006	27,559
81,0	0,006	-0,006	27,559
81,1	0,006	-0,005	27,559
81,2	0,006	-0,002	27,577
81,3	0,005	0,001	27,664
81,4	0,005	0,003	27,682
81,5	0,004	0,004	27,717
81,6	0,003	0,002	27,717
81,7	0,003	0,000	27,804
81,8	0,002	-0,001	27,839
81,9	0,002	-0,001	27,857
82,0	0,002	-0,001	27,874
82,1	0,002	-0,001	27,874
82,2	0,002	-0,002	27,874
82,3	0,003	-0,003	27,927
82,4	0,004	-0,004	27,979
82,5	0,004	-0,003	28,031
82,6	0,003	-0,002	28,031
82,7	0,003	-0,001	28,031
82,8	0,003	0,000	28,031
82,9	0,003	0,001	28,154
83,0	0,004	0,002	28,189
83,1	0,005	0,004	28,189
83,2	0,006	0,006	28,189
83,3	0,008	0,008	28,206
83,4	0,010	0,008	28,259
83,5	0,011	0,005	28,346
83,6	0,012	0,000	28,346
83,7	0,012	-0,005	28,346
83,8	0,012	-0,009	28,346
83,9	0,011	-0,010	28,434
84,0	0,011	-0,011	28,469
84,1	0,012	-0,012	28,504
84,2	0,013	-0,011	28,504
84,3	0,013	-0,008	28,504
84,4	0,013	-0,002	28,504
84,5	0,013	0,004	28,609
84,6	0,013	0,009	28,644
84,7	0,014	0,013	28,661
84,8	0,015	0,015	28,661
84,9	0,018	0,013	28,661
85,0	0,021	0,005	28,714
85,1	0,024	-0,008	28,819
85,2	0,026	-0,020	28,819
85,3	0,028	-0,028	28,819
85,4	0,029	-0,027	28,819
85,5	0,029	-0,019	28,836
85,6	0,028	-0,006	28,941
85,7	0,026	0,006	28,976
85,8	0,024	0,014	28,976
85,9	0,023	0,018	28,976
86,0	0,024	0,022	28,976
86,1	0,027	0,027	29,134
86,2	0,031	0,030	29,134
86,3	0,035	0,025	29,134
86,4	0,037	0,011	29,134
86,5	0,037	-0,007	29,151
86,6	0,036	-0,021	29,134
86,7	0,034	-0,029	29,291
86,8	0,034	-0,033	29,291
86,9	0,034	-0,034	29,291
87,0	0,035	-0,029	29,291
87,1	0,036	-0,018	29,309
87,2	0,035	-0,002	29,379
87,3	0,034	0,014	29,449
87,4	0,032	0,024	29,449
87,5	0,030	0,028	29,449
87,6	0,028	0,028	29,449
87,7	0,026	0,024	29,589
87,8	0,026	0,020	29,606
87,9	0,030	0,018	29,606
88,0	0,040	0,013	29,606
88,1	0,054	-0,006	29,624
88,2	0,072	-0,045	29,606
88,3	0,089	-0,086	29,606
88,4	0,104	-0,096	29,606
88,5	0,114	-0,051	29,606
88,6	0,119	0,031	29,606
88,7	0,119	0,100	29,606
88,8	0,113	0,110	29,606
88,9	0,100	0,057	29,606
89,0	0,082	-0,016	29,606
89,1	0,061	-0,055	29,606
89,2	0,044	-0,039	29,606
89,3	0,035	0,006	29,606
89,4	0,036	0,035	29,606
89,5	0,045	0,022	29,606
89,6	0,056	-0,021	29,606
89,7	0,064	-0,058	29,606
89,8	0,066	-0,062	29,606
89,9	0,062	-0,035	29,606
90,0	0,055	0,002	29,606
90,1	0,045	0,027	29,606
90,2	0,037	0,033	29,606
90,3	0,031	0,030	29,606
90,4	0,027	0,026	29,606
90,5	0,026	0,024	29,606
90,6	0,027	0,020	29,606
90,7	0,028	0,011	29,606
90,8	0,029	0,001	29,606
90,9	0,029	-0,010	29,606
91,0	0,029	-0,019	29,606
91,1	0,029	-0,025	29,606
91,2	0,029	-0,029	29,606
91,3	0,030	-0,029	29,606
91,4	0,030	-0,023	29,606
91,5	0,031	-0,011	29,606
91,6	0,030	0,004	29,606
91,7	0,028	0,018	29,606
91,8	0,024	0,023	29,606
91,9	0,018	0,018	29,606
92,0	0,013	0,009	29,606
92,1	0,008	0,003	29,606
92,2	0,006	0,003	29,606
92,3	0,007	0,005	29,606
92,4	0,010	0,004	29,606
92,5	0,013	-0,001	29,606
92,6	0,016	-0,009	29,606
92,7	0,016	-0,014	29,606
92,8	0,016	-0,015	29,606
92,9	0,014	-0,012	29,606
93,0	0,013	-0,005	29,606
93,1	0,011	0,002	29,606
93,2	0,009	0,006	29,606
93,3	0,008	0,007	29,606
93,4	0,007	0,006	29,606
93,5	0,006	0,005	29,606
93,6	0,007	0,003	29,606
93,7	0,008	0,001	29,606
93,8	0,010	-0,003	29,606
93,9	0,011	-0,008	29,606
94,0	0,011	-0,011	29,606
94,1	0,011	-0,011	29,606
94,2	0,011	-0,009	29,606
94,3	0,011	-0,006	29,606
94,4	0,012	-0,002	29,606
94,5	0,012	0,003	29,606
94,6	0,012	0,008	29,606
94,7	0,012	0,012	29,606
94,8	0,012	0,012	29,606
94,9	0,012	0,011	29,606
95,0	0,013	0,007	29,606
95,1	0,013	0,002	29,606
95,2	0,013	-0,003	29,606
95,3	0,013	-0,008	29,606
95,4	0,012	-0,011	29,606
95,5	0,012	-0,012	29,606
95,6	0,012	-0,011	29,606
95,7	0,012	-0,010	29,606
95,8	0,013	-0,008	29,606
95,9	0,013	-0,003	29,606
96,0	0,014	0,004	29,606
96,1	0,013	0,010	29,606
96,2	0,012	0,012	29,606
96,3	0,011	0,010	29,606
96,4	0,010	0,007	29,606
96,5	0,009	0,003	29,606
96,6	0,009	0,000	29,606
96,7	0,009	-0,003	29,606
96,8	0,010	-0,007	29,606
96,9	0,010	-0,009	29,606
97,0	0,009	-0,009	29,606
97,1	0,009	-0,008	29,606
97,2	0,008	-0,006	29,606
97,3	0,008	-0,003	29,606
97,4	0,007	-0,001	29,606
97,5	0,007	0,002	29,606
97,6	0,006	0,004	29,606
97,7	0,006	0,005	29,606
97,8	0,006	0,006	29,606
97,9	0,006	0,006	29,606
98,0	0,006	0,004	29,606
98,1	0,006	0,002	29,606
98,2	0,006	-0,001	29,606
98,3	0,006	-0,004	29,606
98,4	0,005	-0,005	29,606
98,5	0,005	-0,005	29,606
98,6	0,006	-0,005	29,606
98,7	0,006	-0,005	29,606
98,8	0,007	-0,002	29,606
98,9	0,008	0,004	29,606
99,0	0,009	0,008	29,606
99,1	0,010	0,010	29,606
99,2	0,011	0,007	29,606
99,3	0,011	0,002	29,606
99,4	0,011	-0,003	29,606
99,5	0,010	-0,006	29,606
99,6	0,010	-0,008	29,606
99,7	0,011	-0,010	29,606
99,8	0,012	-0,012	29,606
99,9	0,013	-0,012	29,606
100,0	0,013	-0,010	29,606
100,1	0,013	-0,005	29,606
100,2	0,013	0,001	29,606
100,3	0,011	0,005	29,606
100,4	0,010	0,008	29,606
100,5	0,009	0,008	29,606
100,6	0,009	0,008	29,606
100,7	0,009	0,009	29,606
100,8	0,011	0,010	29,606
100,9	0,012	0,007	29,606
101,0	0,013	0,002	29,606
101,1	0,013	-0,004	29,606
101,2	0,012	-0,008	29,606
101,3	0,010	-0,009	29,606
101,4	0,009	-0,009	29,606
101,5	0,009	-0,009	29,606
101,6	0,009	-0,010	29,606
101,7	0,010	-0,010	29,606
101,8	0,011	-0,008	29,606
101,9	0,012	-0,004	29,606
102,0	0,012	0,001	29,606
102,1	0,011	0,005	29,606
102,2	0,009	0,008	29,606
102,3	0,008	0,008	29,606
102,4	0,007	0,007	29,571
102,5	0,006	0,006	29,606
102,6	0,007	0,006	29,606
102,7	0,007	0,005	29,606
102,8	0,008	0,003	29,589
102,9	0,008	0,000	29,606
103,0	0,007	-0,003	29,606
103,1	0,007	-0,004	29,606
103,2	0,006	-0,005	29,606
103,3	0,005	-0,005	29,606
103,4	0,004	-0,005	29,606
103,5	0,004	-0,004	29,606
103,6	0,003	-0,002	29,589
103,7	0,003	-0,002	29,606
103,8	0,003	-0,003	29,606
103,9	0,003	-0,003	29,606
104,0	0,004	-0,001	29,606
104,1	0,004	0,002	29,606
104,2	0,003	0,003	29,606
104,3	0,002	0,001	29,606
104,4	0,002	-0,001	29,606
104,5	0,001	-0,001	29,606
104,6	0,001	0,000	29,606
104,7	0,001	0,001	29,606
104,8	0,001	0,000	29,606
104,9	0,001	-0,001	29,606
105,0	0,001	-0,001	29,571
105,1	0,002	-0,001	29,606
105,2	0,002	-0,001	29,589
105,3	0,002	-0,002	29,606
105,4	0,001	-0,001	29,589
105,5	0,001	0,000	29,589
105,6	0,002	0,001	29,606
105,7	0,002	0,001	29,606
105,8	0,003	-0,001	29,606
105,9	0,003	-0,003	29,606
106,0	0,002	-0,002	29,589
106,1	0,002	-0,001	29,606
106,2	0,001	0,000	29,589
106,3	0,000	0,000	29,606
106,4	0,001	0,000	29,606
106,5	0,001	-0,001	29,606
106,6	0,002	-0,001	29,606
106,7	0,003	-0,002	29,606
106,8	0,003	-0,003	29,589
106,9	0,003	-0,003	29,606
107,0	0,003	-0,003	29,606
107,1	0,002	-0,001	29,606
107,2	0,002	-0,001	29,606
107,3	0,001	0,000	29,606
107,4	0,001	0,000	29,571
107,5	0,002	0,002	29,606
107,6	0,003	0,002	29,589
107,7	0,004	0,000	29,606
107,8	0,005	-0,003	29,606
107,9	0,005	-0,005	29,606
108,0	0,004	-0,004	29,606
108,1	0,003	-0,003	29,606
108,2	0,004	-0,003	29,571
108,3	0,005	-0,005	29,606
108,4	0,006	-0,005	29,554
108,5	0,006	-0,002	29,606
108,6	0,006	0,001	29,571
108,7	0,005	0,003	29,606
108,8	0,003	0,003	29,606
108,9	0,002	0,002	29,606
109,0	0,002	0,001	29,606
109,1	0,002	0,000	29,606
109,2	0,002	0,000	29,589
109,3	0,002	-0,001	29,606
109,4	0,002	-0,001	29,589
109,5	0,002	-0,001	29,606
109,6	0,001	-0,001	29,606
109,7	0,001	-0,001	29,606
109,8	0,001	-0,001	29,589
109,9	0,002	-0,001	29,606
110,0	0,003	-0,003	29,554
110,1	0,004	-0,004	29,606
110,2	0,004	-0,004	29,606
110,3	0,004	-0,002	29,606
110,4	0,003	0,000	29,589
110,5	0,002	0,001	29,606
110,6	0,001	0,000	29,589
110,7	0,001	0,000	29,606
110,8	0,002	0,001	29,606
110,9	0,002	0,002	29,606
111,0	0,002	0,002	29,606
111,1	0,002	0,001	29,606
111,2	0,002	0,000	29,589
111,3	0,002	-0,001	29,589
111,4	0,002	-0,001	29,589
111,5	0,003	-0,001	29,606
111,6	0,003	-0,003	29,589
111,7	0,004	-0,004	29,606
111,8	0,004	-0,004	29,589
111,9	0,004	-0,004	29,589
112,0	0,004	-0,003	29,554
112,1	0,003	-0,002	29,606
112,2	0,003	-0,001	29,589
112,3	0,003	0,000	29,606
112,4	0,003	0,000	29,589
112,5	0,003	0,001	29,606
112,6	0,003	0,002	29,589
112,7	0,002	0,002	29,606
112,8	0,002	0,002	29,589
112,9	0,002	0,001	29,606
113,0	0,002	0,000	29,606
113,1	0,002	-0,001	29,606
113,2	0,002	-0,001	29,606
113,3	0,001	-0,002	29,606
113,4	0,001	-0,001	29,589
113,5	0,001	0,000	29,606
113,6	0,001	0,000	29,589
113,7	0,001	-0,001	29,606
113,8	0,001	-0,001	29,571
113,9	0,001	-0,001	29,606
114,0	0,002	0,001	29,571
114,1	0,002	0,002	29,606
114,2	0,003	0,002	29,554
114,3	0,003	0,000	29,554
114,4	0,002	-0,001	29,571
114,5	0,002	-0,001	29,606
114,6	0,002	-0,001	29,606
114,7	0,003	-0,002	29,606
114,8	0,003	-0,003	29,589
114,9	0,004	-0,004	29,606
115,0	0,005	-0,004	29,589
115,1	0,004	-0,002	29,589
115,2	0,004	0,000	29,554
115,3	0,003	0,001	29,606
115,4	0,001	0,002	29,589
115,5	0,001	0,001	29,606
115,6	0,001	0,000	29,606
115,7	0,001	0,000	29,589
115,8	0,002	0,001	29,606
115,9	0,003	0,003	29,606
116,0	0,003	0,003	29,589
116,1	0,004	0,003	29,606
116,2	0,004	0,002	29,606
116,3	0,006	0,001	29,606
116,4	0,007	-0,002	29,571
116,5	0,008	-0,005	29,606
116,6	0,008	-0,007	29,589
116,7	0,007	-0,007	29,589
116,8	0,006	-0,006	29,554
116,9	0,005	-0,004	29,589
117,0	0,005	-0,004	29,606
117,1	0,005	-0,003	29,606
117,2	0,005	-0,001	29,606
117,3	0,005	0,001	29,606
117,4	0,005	0,003	29,536
117,5	0,006	0,005	29,606
117,6	0,006	0,006	29,606
117,7	0,008	0,005	29,589
117,8	0,009	0,001	29,606
117,9	0,010	-0,006	29,606
118,0	0,011	-0,010	29,571
118,1	0,010	-0,009	29,606
118,2	0,009	-0,003	29,554
118,3	0,006	0,003	29,589
118,4	0,004	0,004	29,536
118,5	0,003	0,001	29,606
118,6	0,002	-0,002	29,554
118,7	0,002	-0,001	29,606
118,8	0,004	0,003	29,589
118,9	0,005	0,005	29,589
119,0	0,007	0,004	29,606
119,1	0,007	0,001	29,606
119,2	0,007	-0,003	29,571
119,3	0,007	-0,005	29,606
119,4	0,007	-0,006	29,536
119,5	0,007	-0,007	29,589
119,6	0,008	-0,008	29,536
119,7	0,009	-0,008	29,606
119,8	0,009	-0,006	29,589
119,9	0,008	-0,003	29,589
120,0	0,007	0,001	29,571
120,1	0,005	0,002	29,606
120,2	0,004	0,002	29,554
120,3	0,003	0,002	29,571
120,4	0,003	0,002	29,554
120,5	0,004	0,004	29,606
120,6	0,005	0,005	29,589
120,7	0,006	0,004	29,606
120,8	0,007	0,001	29,571
120,9	0,007	-0,003	29,606
121,0	0,007	-0,006	29,606
121,1	0,007	-0,007	29,589
121,2	0,006	-0,006	29,571
121,3	0,006	-0,005	29,589
121,4	0,005	-0,003	29,571
121,5	0,005	-0,001	29,606
121,6	0,005	0,001	29,501
121,7	0,004	0,002	29,589
121,8	0,004	0,004	29,571
121,9	0,004	0,004	29,589
122,0	0,004	0,003	29,554
122,1	0,004	0,002	29,606
122,2	0,004	-0,001	29,571
122,3	0,004	-0,003	29,606
122,4	0,004	-0,004	29,606
122,5	0,004	-0,004	29,571
122,6	0,005	-0,004	29,536
122,7	0,004	-0,004	29,536
122,8	0,004	-0,002	29,501
122,9	0,003	0,001	29,589
123,0	0,003	0,002	29,554
123,1	0,002	0,002	29,589
123,2	0,001	0,001	29,571
123,3	0,001	0,001	29,589
123,4	0,002	0,002	29,571
123,5	0,003	0,002	29,589
123,6	0,005	0,000	29,589
123,7	0,006	-0,003	29,589
123,8	0,006	-0,006	29,554
123,9	0,006	-0,006	29,606
124,0	0,006	-0,005	29,571
124,1	0,005	-0,004	29,589
124,2	0,005	-0,003	29,519
124,3	0,004	-0,001	29,606
124,4	0,004	0,001	29,554
124,5	0,003	0,002	29,589
124,6	0,002	0,002	29,571
124,7	0,001	0,001	29,589
124,8	0,000	0,000	29,501
124,9	0,000	0,000	29,606
125,0	0,001	0,001	29,536
125,1	0,002	0,000	29,571
125,2	0,002	-0,001	29,606
125,3	0,003	-0,003	29,589
125,4	0,003	-0,003	29,571
125,5	0,002	-0,002	29,589
125,6	0,002	-0,001	29,554
125,7	0,002	-0,001	29,589
125,8	0,002	-0,002	29,554
125,9	0,002	-0,002	29,589
126,0	0,002	-0,001	29,519
126,1	0,002	-0,001	29,554
126,2	0,002	0,000	29,536
126,3	0,002	0,001	29,606
126,4	0,002	0,002	29,589
126,5	0,002	0,002	29,606
126,6	0,001	0,001	29,554
126,7	0,001	-0,001	29,589
126,8	0,001	-0,001	29,536
126,9	0,001	0,001	29,589
127,0	0,002	0,002	29,501
127,1	0,003	0,000	29,571
127,2	0,003	-0,002	29,589
127,3	0,003	-0,003	29,606
127,4	0,002	-0,002	29,571
127,5	0,002	-0,002	29,571
127,6	0,003	-0,002	29,501
127,7	0,003	-0,002	29,554
127,8	0,003	-0,001	29,554
127,9	0,002	0,001	29,571
128,0	0,001	0,001	29,554
128,1	0,002	-0,001	29,606
128,2	0,002	-0,002	29,571
128,3	0,003	0,000	29,589
128,4	0,003	0,002	29,536
128,5	0,002	0,003	29,589
128,6	0,001	0,001	29,554
128,7	0,001	0,000	29,571
128,8	0,002	0,001	29,589
128,9	0,004	0,004	29,554
129,0	0,005	0,004	29,554
129,1	0,005	0,001	29,589
129,2	0,005	-0,001	29,519
129,3	0,004	-0,002	29,589
129,4	0,004	-0,003	29,519
129,5	0,003	-0,003	29,571
129,6	0,003	-0,003	29,536
129,7	0,002	-0,002	29,571
129,8	0,002	-0,001	29,554
129,9	0,002	-0,001	29,554
130,0	0,003	-0,003	29,536
130,1	0,005	-0,005	29,589
130,2	0,006	-0,004	29,554
130,3	0,005	0,000	29,571
130,4	0,003	0,002	29,536
130,5	0,001	0,001	29,589
130,6	0,001	0,000	29,519
130,7	0,001	0,000	29,589
130,8	0,002	0,002	29,589
130,9	0,003	0,002	29,571
131,0	0,003	0,001	29,571
131,1	0,002	-0,001	29,571
131,2	0,002	-0,002	29,501
131,3	0,002	-0,001	29,606
131,4	0,002	-0,001	29,571
131,5	0,002	-0,002	29,571
131,6	0,002	-0,002	29,536
131,7	0,002	-0,001	29,589
131,8	0,001	-0,001	29,536
131,9	0,001	-0,001	29,571
132,0	0,001	-0,002	29,536
132,1	0,001	-0,001	29,606
132,2	0,001	-0,001	29,536
132,3	0,002	-0,001	29,519
132,4	0,002	-0,002	29,466
132,5	0,002	-0,003	29,589
132,6	0,002	-0,002	29,554
132,7	0,002	-0,002	29,589
132,8	0,002	-0,001	29,571
132,9	0,002	-0,001	29,589
133,0	0,002	-0,001	29,536
133,1	0,002	0,000	29,571
133,2	0,001	0,001	29,484
133,3	0,001	0,000	29,589
133,4	0,000	0,000	29,554
133,5	0,000	0,000	29,536
133,6	0,001	0,000	29,589
133,7	0,002	-0,001	29,606
133,8	0,003	-0,002	29,536
133,9	0,003	-0,003	29,571
134,0	0,003	-0,002	29,519
134,1	0,003	-0,002	29,536
134,2	0,002	-0,001	29,536
134,3	0,002	-0,001	29,554
134,4	0,002	-0,001	29,501
134,5	0,002	-0,001	29,589
134,6	0,002	-0,001	29,501
134,7	0,002	-0,001	29,589
134,8	0,002	-0,001	29,519
134,9	0,002	0,001	29,554
135,0	0,002	0,001	29,589
135,1	0,002	0,001	29,571
135,2	0,001	0,001	29,554
135,3	0,001	0,001	29,606
135,4	0,002	0,002	29,501
135,5	0,002	0,002	29,589
135,6	0,002	0,000	29,501
135,7	0,002	-0,002	29,589
135,8	0,002	-0,002	29,536
135,9	0,002	-0,001	29,571
136,0	0,002	0,001	29,554
136,1	0,002	0,002	29,571
136,2	0,002	0,002	29,519
136,3	0,002	0,001	29,589
136,4	0,003	0,000	29,501
136,5	0,002	-0,001	29,554
136,6	0,002	-0,002	29,519
136,7	0,001	-0,001	29,536
136,8	0,001	0,000	29,536
136,9	0,002	0,000	29,536
137,0	0,003	-0,003	29,554
137,1	0,004	-0,004	29,554
137,2	0,004	-0,004	29,484
137,3	0,003	-0,002	29,571
137,4	0,002	0,000	29,484
137,5	0,002	0,001	29,554
137,6	0,001	0,001	29,536
137,7	0,002	0,001	29,589
137,8	0,002	0,001	29,519
137,9	0,002	0,000	29,589
138,0	0,001	-0,001	29,501
138,1	0,001	-0,001	29,589
138,2	0,001	0,000	29,536
138,3	0,002	0,000	29,554
138,4	0,002	-0,001	29,501
138,5	0,002	-0,002	29,571
138,6	0,002	-0,002	29,571
138,7	0,002	-0,001	29,536
138,8	0,002	-0,001	29,466
138,9	0,003	-0,003	29,589
139,0	0,003	-0,004	29,484
139,1	0,003	-0,003	29,571
139,2	0,002	-0,001	29,571
139,3	0,002	-0,001	29,571
139,4	0,001	-0,001	29,554
139,5	0,002	-0,002	29,536
139,6	0,002	-0,002	29,501
139,7	0,002	-0,001	29,554
139,8	0,002	-0,001	29,484
139,9	0,002	-0,002	29,554
140,0	0,001	-0,002	29,519
140,1	0,002	-0,002	29,554
140,2	0,002	-0,001	29,519
140,3	0,002	-0,002	29,554
140,4	0,002	-0,002	29,466
140,5	0,002	-0,002	29,571
140,6	0,002	-0,001	29,484
140,7	0,002	0,000	29,589
140,8	0,002	0,000	29,484
140,9	0,001	0,000	29,589
141,0	0,001	0,001	29,519
141,1	0,001	0,001	29,536
141,2	0,002	-0,001	29,536
141,3	0,003	-0,003	29,571
141,4	0,003	-0,003	29,519
141,5	0,003	-0,001	29,571
141,6	0,002	0,001	29,484
141,7	0,002	0,001	29,589
141,8	0,002	0,000	29,554
141,9	0,002	-0,002	29,501
142,0	0,002	-0,002	29,536
142,1	0,002	-0,002	29,554
142,2	0,002	-0,001	29,519
142,3	0,002	-0,001	29,554
142,4	0,002	0,000	29,519
142,5	0,002	0,001	29,571
142,6	0,002	0,002	29,536
142,7	0,002	0,002	29,554
142,8	0,002	0,002	29,519
142,9	0,002	0,001	29,554
143,0	0,002	0,000	29,501
143,1	0,002	-0,002	29,554
143,2	0,002	-0,002	29,519
143,3	0,001	-0,002	29,536
143,4	0,001	-0,001	29,536
143,5	0,002	-0,001	29,536
143,6	0,003	-0,002	29,519
143,7	0,004	-0,004	29,554
143,8	0,005	-0,005	29,484
143,9	0,006	-0,004	29,571
144,0	0,005	-0,002	29,484
144,1	0,004	0,000	29,571
144,2	0,003	0,001	29,519
144,3	0,003	0,001	29,484
144,4	0,003	0,002	29,519
144,5	0,002	0,002	29,571
144,6	0,001	0,001	29,466
144,7	0,001	0,001	29,589
144,8	0,001	0,001	29,536
144,9	0,001	0,001	29,571
145,0	0,002	0,001	29,519
145,1	0,002	-0,001	29,554
145,2	0,003	-0,002	29,536
145,3	0,003	-0,003	29,554
145,4	0,003	-0,003	29,501
145,5	0,003	-0,003	29,536
145,6	0,003	-0,002	29,501
145,7	0,003	0,000	29,571
145,8	0,003	0,001	29,536
145,9	0,003	0,002	29,571
146,0	0,002	0,001	29,519
146,1	0,002	-0,001	29,571
146,2	0,002	-0,002	29,501
146,3	0,002	-0,002	29,554
146,4	0,001	0,000	29,519
146,5	0,001	0,000	29,589
146,6	0,001	-0,001	29,501
146,7	0,001	-0,002	29,554
146,8	0,001	-0,001	29,484
146,9	0,001	0,000	29,519
147,0	0,001	0,000	29,554
147,1	0,001	-0,001	29,589
147,2	0,002	-0,002	29,501
147,3	0,003	-0,002	29,589
147,4	0,003	0,000	29,519
147,5	0,002	0,001	29,536
147,6	0,002	0,002	29,501
147,7	0,001	0,001	29,536
147,8	0,001	-0,001	29,571
147,9	0,001	-0,001	29,519
148,0	0,001	-0,001	29,519
148,1	0,001	-0,001	29,606
148,2	0,001	-0,001	29,501
148,3	0,001	-0,001	29,554
148,4	0,002	-0,002	29,519
148,5	0,002	-0,002	29,554
148,6	0,002	-0,001	29,501
148,7	0,002	0,000	29,571
148,8	0,001	0,000	29,501
148,9	0,000	0,000	29,554
149,0	0,000	0,000	29,484
149,1	0,001	0,001	29,519
149,2	0,002	0,000	29,501
149,3	0,003	-0,002	29,589
149,4	0,004	-0,004	29,484
149,5	0,004	-0,003	29,571
149,6	0,003	-0,002	29,484
149,7	0,002	0,000	29,519
149,8	0,001	-0,001	29,484
149,9	0,001	-0,001	29,536
150,0	0,002	-0,002	29,484
150,1	0,002	-0,002	29,571
150,2	0,003	-0,002	29,536
150,3	0,004	-0,001	29,536
150,4	0,004	0,000	29,466
150,5	0,004	0,003	29,536
150,6	0,003	0,003	29,501
150,7	0,003	0,002	29,519
150,8	0,002	-0,001	29,519
150,9	0,002	-0,002	29,571
151,0	0,001	-0,001	29,519
151,1	0,001	-0,001	29,554
151,2	0,001	-0,001	29,554
151,3	0,001	-0,001	29,536
151,4	0,001	-0,001	29,484
151,5	0,002	-0,001	29,501
151,6	0,002	-0,001	29,484
151,7	0,002	-0,001	29,536
151,8	0,003	0,000	29,519
151,9	0,003	0,003	29,536
152,0	0,004	0,004	29,519
152,1	0,004	0,002	29,536
152,2	0,004	-0,002	29,536
152,3	0,003	-0,004	29,536
152,4	0,002	-0,002	29,484
152,5	0,002	0,000	29,519
152,6	0,001	0,001	29,501
152,7	0,002	-0,001	29,501
152,8	0,003	-0,003	29,519
152,9	0,004	-0,003	29,554
153,0	0,004	0,001	29,501
153,1	0,004	0,003	29,519
153,2	0,003	0,002	29,466
153,3	0,002	-0,001	29,536
153,4	0,002	-0,003	29,519
153,5	0,002	-0,002	29,554
153,6	0,002	0,000	29,501
153,7	0,002	0,001	29,606
153,8	0,002	0,000	29,484
153,9	0,001	-0,001	29,501
154,0	0,001	-0,002	29,501
154,1	0,001	0,000	29,536
154,2	0,001	0,001	29,501
154,3	0,001	0,000	29,536
154,4	0,001	-0,001	29,466
154,5	0,001	-0,002	29,536
154,6	0,001	-0,001	29,484
154,7	0,001	-0,001	29,554
154,8	0,001	-0,001	29,484
154,9	0,001	-0,001	29,519
155,0	0,001	-0,002	29,536
155,1	0,002	-0,001	29,536
155,2	0,002	-0,001	29,484
155,3	0,002	-0,002	29,571
155,4	0,002	-0,002	29,501
155,5	0,002	-0,001	29,484
155,6	0,002	-0,001	29,501
155,7	0,002	0,000	29,536
155,8	0,001	0,000	29,554
155,9	0,001	0,000	29,554
156,0	0,000	0,001	29,484
156,1	0,001	0,000	29,571
156,2	0,002	-0,001	29,501
156,3	0,003	-0,003	29,501
156,4	0,004	-0,004	29,484
156,5	0,004	-0,004	29,484
156,6	0,004	-0,002	29,484
156,7	0,003	0,000	29,536
156,8	0,003	0,000	29,449
156,9	0,002	0,000	29,571
157,0	0,002	0,000	29,466
157,1	0,002	0,001	29,519
157,2	0,002	0,002	29,484
157,3	0,002	0,001	29,536
157,4	0,001	0,000	29,519
157,5	0,001	-0,001	29,501
157,6	0,000	-0,001	29,449
157,7	0,000	0,000	29,554
157,8	0,001	0,000	29,484
157,9	0,001	-0,001	29,536
158,0	0,002	-0,002	29,484
158,1	0,003	-0,002	29,536
158,2	0,003	0,000	29,501
158,3	0,003	0,001	29,519
158,4	0,002	0,002	29,571
158,5	0,001	0,001	29,536
158,6	0,001	-0,001	29,484
158,7	0,001	-0,001	29,519
158,8	0,001	0,000	29,466
158,9	0,001	0,001	29,466
159,0	0,001	0,001	29,484
159,1	0,001	0,000	29,519
159,2	0,002	-0,001	29,501
159,3	0,002	-0,002	29,519
159,4	0,003	-0,002	29,449
159,5	0,003	-0,002	29,554
159,6	0,002	-0,001	29,484
159,7	0,002	0,000	29,554
159,8	0,001	0,000	29,501
159,9	0,001	0,001	29,501
160,0	0,001	0,000	29,466
160,1	0,000	0,000	29,554
160,2	0,000	0,000	29,466
160,3	0,000	0,000	29,536
160,4	0,000	0,000	29,449
160,5	0,000	0,000	29,519
160,6	0,000	0,000	29,501
160,7	0,000	0,000	29,554
160,8	0,000	0,000	29,554
160,9	0,000	0,000	29,536
161,0	0,001	0,000	29,484
161,1	0,002	-0,001	29,484
161,2	0,003	-0,002	29,466
161,3	0,003	-0,003	29,519
161,4	0,002	-0,002	29,484
161,5	0,002	-0,001	29,519
161,6	0,002	-0,001	29,501
161,7	0,002	-0,002	29,536
161,8	0,003	-0,002	29,466
161,9	0,003	0,000	29,501
162,0	0,003	0,002	29,449
162,1	0,003	0,003	29,536
162,2	0,003	0,002	29,466
162,3	0,002	0,000	29,554
162,4	0,002	-0,002	29,536
162,5	0,002	-0,002	29,571
162,6	0,002	-0,001	29,466
162,7	0,001	-0,001	29,536
162,8	0,001	-0,001	29,466
162,9	0,001	-0,001	29,519
163,0	0,001	0,000	29,466
163,1	0,001	0,000	29,519
163,2	0,000	0,000	29,501
163,3	0,001	-0,001	29,554
163,4	0,001	-0,001	29,466
163,5	0,002	-0,002	29,501
163,6	0,003	-0,003	29,501
163,7	0,003	-0,003	29,536
163,8	0,003	-0,001	29,466
163,9	0,002	0,000	29,519
164,0	0,001	0,001	29,484
164,1	0,001	0,000	29,536
164,2	0,002	-0,002	29,466
164,3	0,002	-0,003	29,571
164,4	0,003	-0,002	29,466
164,5	0,003	-0,001	29,536
164,6	0,003	-0,001	29,466
164,7	0,003	-0,001	29,484
164,8	0,003	0,000	29,501
164,9	0,002	0,001	29,536
165,0	0,002	0,001	29,466
165,1	0,001	0,001	29,536
165,2	0,001	0,000	29,466
165,3	0,001	0,000	29,554
165,4	0,001	0,001	29,484
165,5	0,001	0,001	29,501
165,6	0,002	0,000	29,466
165,7	0,002	-0,001	29,501
165,8	0,003	-0,003	29,466
165,9	0,003	-0,002	29,484
166,0	0,002	-0,001	29,449
166,1	0,002	0,000	29,466
166,2	0,001	0,001	29,501
166,3	0,002	0,000	29,554
166,4	0,002	-0,001	29,484
166,5	0,003	-0,003	29,606
166,6	0,004	-0,004	29,466
166,7	0,004	-0,003	29,501
166,8	0,004	-0,001	29,466
166,9	0,003	0,000	29,501
167,0	0,002	0,001	29,466
167,1	0,001	0,001	29,466
167,2	0,001	0,001	29,466
167,3	0,001	0,000	29,589
167,4	0,002	-0,001	29,484
167,5	0,002	-0,002	29,536
167,6	0,002	-0,002	29,484
167,7	0,002	0,000	29,519
167,8	0,002	0,001	29,466
167,9	0,001	0,001	29,501
168,0	0,001	-0,001	29,484
168,1	0,001	-0,002	29,571
168,2	0,001	-0,001	29,449
168,3	0,002	-0,001	29,484
168,4	0,002	-0,002	29,449
168,5	0,002	-0,002	29,466
168,6	0,002	-0,002	29,449
168,7	0,002	-0,001	29,536
168,8	0,002	-0,001	29,449
168,9	0,003	-0,002	29,536
169,0	0,004	-0,002	29,501
169,1	0,004	0,000	29,484
169,2	0,004	0,002	29,466
169,3	0,003	0,003	29,501
169,4	0,002	0,002	29,484
169,5	0,002	0,000	29,501
169,6	0,002	-0,002	29,449
169,7	0,002	-0,002	29,554
169,8	0,002	0,000	29,449
169,9	0,001	0,001	29,519
170,0	0,001	0,001	29,466
170,1	0,001	0,000	29,519
170,2	0,002	-0,002	29,501
170,3	0,002	-0,003	29,519
170,4	0,003	-0,002	29,484
170,5	0,003	-0,001	29,571
170,6	0,003	0,000	29,466
170,7	0,002	0,000	29,484
170,8	0,002	0,000	29,466
170,9	0,001	0,000	29,484
171,0	0,001	0,001	29,449
171,1	0,001	0,000	29,501
171,2	0,001	0,000	29,484
171,3	0,001	-0,001	29,536
171,4	0,001	0,000	29,501
171,5	0,001	0,000	29,519
171,6	0,001	0,000	29,466
171,7	0,001	-0,001	29,536
171,8	0,002	-0,002	29,484
171,9	0,003	-0,002	29,466
172,0	0,003	-0,002	29,449
172,1	0,003	-0,001	29,484
172,2	0,002	0,000	29,466
172,3	0,001	0,001	29,519
172,4	0,001	0,000	29,449
172,5	0,002	-0,002	29,519
172,6	0,003	-0,002	29,449
172,7	0,004	0,000	29,501
172,8	0,004	0,002	29,466
172,9	0,003	0,003	29,536
173,0	0,003	0,000	29,466
173,1	0,004	-0,003	29,554
173,2	0,005	-0,005	29,466
173,3	0,005	-0,004	29,554
173,4	0,005	-0,001	29,449
173,5	0,003	0,001	29,466
173,6	0,002	0,002	29,466
173,7	0,001	0,001	29,519
173,8	0,001	-0,001	29,484
173,9	0,002	-0,002	29,484
174,0	0,003	-0,001	29,466
174,1	0,003	0,000	29,536
174,2	0,002	0,001	29,449
174,3	0,002	0,001	29,466
174,4	0,001	0,001	29,484
174,5	0,001	0,001	29,484
174,6	0,001	0,001	29,449
174,7	0,001	0,001	29,519
174,8	0,001	0,000	29,484
174,9	0,001	-0,001	29,484
175,0	0,002	-0,002	29,466
175,1	0,002	-0,002	29,484
175,2	0,003	-0,002	29,449
175,3	0,003	-0,001	29,501
175,4	0,003	0,001	29,466
175,5	0,002	0,002	29,519
175,6	0,002	0,002	29,449
175,7	0,002	0,000	29,519
175,8	0,003	-0,002	29,466
175,9	0,003	-0,003	29,519
176,0	0,003	-0,003	29,484
176,1	0,003	-0,002	29,501
176,2	0,002	-0,001	29,449
176,3	0,002	-0,001	29,484
176,4	0,002	0,000	29,466
176,5	0,001	0,000	29,501
176,6	0,001	0,000	29,466
176,7	0,001	-0,001	29,449
176,8	0,002	-0,002	29,449
176,9	0,003	-0,003	29,519
177,0	0,003	-0,002	29,501
177,1	0,003	-0,001	29,484
177,2	0,003	0,000	29,449
177,3	0,002	0,000	29,501
177,4	0,001	0,000	29,466
177,5	0,001	-0,001	29,484
177,6	0,002	-0,001	29,449
177,7	0,002	0,000	29,536
177,8	0,002	0,000	29,466
177,9	0,001	0,000	29,484
178,0	0,000	0,000	29,484
178,1	0,001	-0,001	29,501
178,2	0,002	-0,002	29,466
178,3	0,003	-0,003	29,536
178,4	0,004	-0,003	29,466
178,5	0,004	-0,002	29,554
178,6	0,004	0,000	29,466
178,7	0,003	0,002	29,466
178,8	0,002	0,001	29,449
178,9	0,002	-0,001	29,501
179,0	0,002	-0,002	29,466
179,1	0,003	-0,002	29,536
179,2	0,003	0,000	29,466
179,3	0,003	0,000	29,501
179,4	0,003	-0,001	29,449
179,5	0,003	0,000	29,484
179,6	0,004	0,001	29,501
179,7	0,003	0,003	29,501
179,8	0,003	0,003	29,449
179,9	0,002	0,001	29,501
180,0	0,001	-0,001	29,449
180,1	0,001	-0,001	29,466
180,2	0,001	0,000	29,466
180,3	0,001	-0,001	29,501
180,4	0,002	-0,002	29,466
180,5	0,002	-0,002	29,501
180,6	0,002	-0,001	29,466
180,7	0,002	0,000	29,484
180,8	0,001	0,000	29,449
180,9	0,001	-0,001	29,501
181,0	0,001	-0,001	29,466
181,1	0,001	-0,001	29,484
181,2	0,002	-0,002	29,466
181,3	0,003	-0,003	29,519
181,4	0,003	-0,003	29,449
181,5	0,003	-0,001	29,501
181,6	0,002	0,000	29,466
181,7	0,002	0,000	29,484
181,8	0,002	-0,002	29,501
181,9	0,003	-0,003	29,501
182,0	0,003	-0,002	29,449
182,1	0,003	0,000	29,501
182,2	0,003	0,001	29,466
182,3	0,002	0,000	29,501
182,4	0,002	-0,001	29,449
182,5	0,002	-0,001	29,536
182,6	0,002	0,000	29,484
182,7	0,002	0,001	29,484
182,8	0,002	0,001	29,484
182,9	0,002	-0,001	29,466
183,0	0,002	-0,002	29,449
183,1	0,003	-0,003	29,449
183,2	0,004	-0,003	29,449
183,3	0,004	-0,003	29,449
183,4	0,005	-0,003	29,449
183,5	0,005	-0,002	29,449
183,6	0,005	-0,001	29,449
183,7	0,004	0,000	29,431
183,8	0,003	0,001	29,291
183,9	0,003	0,001	29,291
184,0	0,002	0,000	29,134
184,1	0,003	-0,001	27,997
184,2	0,003	-0,002	23,290
184,3	0,004	-0,001	18,933
184,4	0,004	-0,001	15,311
184,5	0,004	0,000	11,689
184,6	0,004	0,000	8,206
184,7	0,004	0,000	5,372
184,8	0,004	0,001	3,587
184,9	0,004	0,001	2,275
185,0	0,004	0,002	1,417
185,1	0,004	0,002	0,787
185,2	0,004	0,002	0,472
185,3	0,003	0,002	0,367
185,4	0,003	0,002	0,315
185,5	0,003	0,001	0,315
185,6	0,003	0,001	0,297
185,7	0,003	0,001	0,280
185,8	0,003	0,001	0,157
185,9	0,003	0,001	0,157
186,0	0,003	0,001	0,157
186,1	0,003	0,001	0,157
186,2	0,002	0,001	0,157
186,3	0,002	0,001	0,157
186,4	0,002	0,001	0,157
186,5	0,002	0,001	0,157
186,6	0,002	0,001	0,157
186,7	0,002	0,001	0,157
186,8	0,002	0,001	0,157
186,9	0,002	0,001	0,157
187,0	0,002	0,001	0,157
187,1	0,002	0,001	0,157
187,2	0,002	0,001	0,157
187,3	0,002	0,001	0,157
187,4	0,002	0,001	0,157
187,5	0,002	0,001	0,157
187,6	0,002	0,001	0,157
187,7	0,002	0,001	0,157
187,8	0,002	0,001	0,157
187,9	0,002	0,001	0,157
188,0	0,002	0,001	0,157
188,1	0,002	0,001	0,157
188,2	0,002	0,001	0,157
188,3	0,002	0,001	0,157
188,4	0,002	0,001	0,157
188,5	0,002	0,001	0,157
188,6	0,002	0,001	0,157
188,7	0,002	0,001	0,157
188,8	0,002	0,001	0,157
188,9	0,002	0,001	0,157
189,0	0,002	0,001	0,157
189,1	0,002	0,001	0,157
189,2	0,002	0,001	0,157
189,3	0,002	0,001	0,157
189,4	0,002	0,001	0,157
189,5	0,002	0,001	0,157
189,6	0,002	0,001	0,157
189,7	0,001	0,001	0,157
189,8	0,001	0,001	0,157
189,9	0,002	0,001	0,157
190,0	0,002	0,001	0,157
190,1	0,002	0,001	0,157
190,2	0,002	0,001	0,140
190,3	0,002	0,001	0,157
190,4	0,001	0,001	0,157
190,5	0,001	0,001	0,157
190,6	0,001	0,000	0,157
190,7	0,001	0,000	0,157
190,8	0,002	0,000	0,157
190,9	0,002	0,001	0,157
191,0	0,002	0,001	0,157
191,1	0,002	0,001	0,157
191,2	0,002	0,001	0,157
191,3	0,002	0,001	0,157
191,4	0,002	0,001	0,157
191,5	0,002	0,001	0,157
191,6	0,002	0,001	0,157
191,7	0,002	0,001	0,140
191,8	0,002	0,001	0,175
191,9	0,002	0,001	0,175
192,0	0,002	0,001	0,157
192,1	0,002	0,001	0,157
192,2	0,002	0,001	0,157
192,3	0,001	0,001	0,157
192,4	0,001	0,001	0,157
192,5	0,001	0,001	0,157
192,6	0,002	0,001	0,157
192,7	0,002	0,001	0,157
192,8	0,002	0,001	0,157
192,9	0,002	0,001	0,157
193,0	0,002	0,001	0,157
193,1	0,002	0,001	0,157
193,2	0,002	0,001	0,157
193,3	0,002	0,001	0,157
193,4	0,002	0,001	0,157
193,5	0,002	0,001	0,157
193,6	0,002	0,001	0,157
193,7	0,002	0,001	0,157
193,8	0,002	0,000	0,157
193,9	0,002	0,001	0,157
194,0	0,002	0,001	0,157
194,1	0,002	0,001	0,157
194,2	0,002	0,000	0,157
194,3	0,002	0,000	0,157
194,4	0,002	0,001	0,157
194,5	0,002	0,001	0,157
194,6	0,002	0,001	0,157
194,7	0,002	0,001	0,157
194,8	0,002	0,001	0,157
194,9	0,002	0,001	0,157
195,0	0,002	0,001	0,157
195,1	0,002	0,001	0,157
195,2	0,002	0,001	0,157
195,3	0,002	0,001	0,157
195,4	0,002	0,001	0,157
195,5	0,002	0,001	0,157
195,6	0,002	0,000	0,157
195,7	0,002	0,001	0,157
195,8	0,002	0,002	0,157
195,9	0,002	0,001	0,157
196,0	0,002	0,000	0,157
196,1	0,002	0,000	0,157
196,2	0,002	0,001	0,157
196,3	0,002	0,002	0,157
196,4	0,002	0,000	0,157
196,5	0,002	-0,001	0,140
196,6	0,002	0,000	0,157
196,7	0,002	0,002	0,157
196,8	0,002	0,002	0,157
196,9	0,002	-0,001	0,157
197,0	0,002	-0,001	0,157
197,1	0,002	0,001	0,157
197,2	0,002	0,003	0,157
197,3	0,002	0,001	0,157
197,4	0,003	-0,002	0,157
197,5	0,003	0,000	0,157
197,6	0,003	0,003	0,157
197,7	0,003	0,002	0,157
197,8	0,003	-0,001	0,157
197,9	0,003	-0,002	0,157
198,0	0,003	0,001	0,157
198,1	0,004	0,004	0,157
198,2	0,004	0,001	0,157
198,3	0,004	-0,003	0,122
198,4	0,004	-0,001	0,157
198,5	0,005	0,004	0,175
198,6	0,005	0,004	0,157
198,7	0,005	-0,002	0,157
198,8	0,005	-0,005	0,157
198,9	0,006	0,001	0,157
199,0	0,006	0,006	0,157
199,1	0,006	0,002	0,157
199,2	0,007	-0,005	0,157
199,3	0,007	-0,004	0,157
199,4	0,007	0,005	0,157
199,5	0,008	0,007	0,157
199,6	0,008	-0,003	0,157
199,7	0,009	-0,008	0,157
199,8	0,009	0,000	0,157
199,9	0,010	0,010	0,157
