time [µs]	HF [V]	NF [V]	TGC [dB]
0,0	0,386	0,065	0,157
0,1	0,547	0,535	0,315
0,2	0,716	0,477	-0,157
0,3	0,803	-0,152	-0,157
0,4	0,749	-0,667	0,472
0,5	0,588	-0,608	0,665
0,6	0,448	-0,342	0,437
0,7	0,473	-0,376	0,105
0,8	0,707	-0,453	0,000
0,9	1,047	0,059	0,000
1,0	1,295	0,980	0,157
1,1	1,309	1,247	0,315
1,2	1,110	0,359	0,175
1,3	0,876	-0,696	0,157
1,4	0,799	-0,593	0,000
1,5	0,935	0,513	0,000
1,6	1,158	1,090	0,157
1,7	1,273	0,285	0,192
1,8	1,183	-0,903	0,157
1,9	0,968	-0,966	0,157
2,0	0,812	0,073	0,000
2,1	0,832	0,752	0,052
2,2	0,971	0,187	0,157
2,3	1,052	-0,818	0,315
2,4	0,940	-0,996	0,157
2,5	0,670	-0,313	0,122
2,6	0,423	0,174	0,035
2,7	0,364	-0,099	0,157
2,8	0,503	-0,533	0,157
2,9	0,687	-0,367	0,157
3,0	0,742	0,231	0,157
3,1	0,615	0,523	0,140
3,2	0,411	0,286	0,157
3,3	0,283	0,022	0,157
3,4	0,302	0,149	0,157
3,5	0,406	0,452	0,157
3,6	0,475	0,510	0,157
3,7	0,443	0,320	0,157
3,8	0,348	0,206	0,157
3,9	0,274	0,288	0,157
4,0	0,271	0,356	0,157
4,1	0,311	0,247	0,157
4,2	0,329	0,081	0,157
4,3	0,291	0,034	0,157
4,4	0,220	0,075	0,157
4,5	0,169	0,056	0,157
4,6	0,159	-0,038	0,157
4,7	0,171	-0,093	0,157
4,8	0,166	-0,062	0,157
4,9	0,134	-0,023	0,157
5,0	0,096	-0,040	0,157
5,1	0,085	-0,074	0,157
5,2	0,107	-0,082	0,157
5,3	0,134	-0,089	0,157
5,4	0,138	-0,117	0,157
5,5	0,112	-0,114	0,157
5,6	0,082	-0,032	0,157
5,7	0,076	0,064	0,157
5,8	0,101	0,056	0,140
5,9	0,133	-0,058	0,157
6,0	0,143	-0,141	0,157
6,1	0,122	-0,092	0,157
6,2	0,086	0,020	0,140
6,3	0,064	0,056	0,157
6,4	0,070	-0,017	0,157
6,5	0,091	-0,095	0,157
6,6	0,105	-0,080	0,157
6,7	0,095	0,002	0,157
6,8	0,066	0,055	0,157
6,9	0,038	0,033	0,157
7,0	0,027	-0,020	0,140
7,1	0,041	-0,026	0,157
7,2	0,071	0,034	0,157
7,3	0,105	0,102	0,157
7,4	0,134	0,095	0,157
7,5	0,154	-0,006	0,157
7,6	0,162	-0,124	0,157
7,7	0,155	-0,154	0,157
7,8	0,132	-0,071	0,157
7,9	0,098	0,037	0,157
8,0	0,065	0,064	0,157
8,1	0,044	0,007	0,157
8,2	0,039	-0,040	0,140
8,3	0,046	-0,014	0,157
8,4	0,055	0,043	0,157
8,5	0,059	0,052	0,157
8,6	0,056	0,000	0,157
8,7	0,050	-0,045	0,157
8,8	0,043	-0,034	0,157
8,9	0,037	0,008	0,157
9,0	0,030	0,029	0,157
9,1	0,023	0,020	0,157
9,2	0,018	0,009	0,157
9,3	0,019	0,008	0,157
9,4	0,025	0,001	0,157
9,5	0,031	-0,021	0,157
9,6	0,033	-0,033	0,157
9,7	0,028	-0,018	0,157
9,8	0,019	0,007	0,140
9,9	0,012	0,010	0,157
10,0	0,010	-0,007	0,122
10,1	0,014	-0,012	0,157
10,2	0,019	0,006	0,157
10,3	0,022	0,021	0,157
10,4	0,022	0,006	0,157
10,5	0,023	-0,020	0,157
10,6	0,026	-0,021	0,157
10,7	0,031	0,009	0,157
10,8	0,034	0,033	0,157
10,9	0,033	0,022	0,157
11,0	0,028	-0,010	0,140
11,1	0,023	-0,023	0,157
11,2	0,020	-0,004	0,157
11,3	0,021	0,019	0,157
11,4	0,024	0,018	0,140
11,5	0,025	-0,005	0,157
11,6	0,023	-0,021	0,140
11,7	0,018	-0,015	0,157
11,8	0,012	0,000	0,157
11,9	0,007	0,007	0,157
12,0	0,005	0,002	0,105
12,1	0,004	-0,004	0,157
12,2	0,005	-0,001	0,157
12,3	0,006	0,005	0,157
12,4	0,007	0,006	0,157
12,5	0,009	-0,001	0,157
12,6	0,010	-0,008	0,157
12,7	0,009	-0,009	0,157
12,8	0,007	-0,003	0,157
12,9	0,005	0,002	0,157
13,0	0,004	0,001	0,122
13,1	0,005	0,001	0,157
13,2	0,010	0,006	0,122
13,3	0,015	0,014	0,157
13,4	0,018	0,016	0,157
13,5	0,020	0,006	0,157
13,6	0,018	-0,009	0,157
13,7	0,015	-0,014	0,157
13,8	0,011	-0,008	0,157
13,9	0,007	0,001	0,157
14,0	0,006	0,004	0,157
14,1	0,007	0,006	0,157
14,2	0,012	0,011	0,157
14,3	0,018	0,016	0,157
14,4	0,023	0,009	0,157
14,5	0,025	-0,009	1,330
14,6	0,023	-0,021	3,465
14,7	0,017	-0,015	5,197
14,8	0,011	0,002	6,299
14,9	0,008	0,006	6,929
15,0	0,009	-0,006	7,402
15,1	0,014	-0,015	7,577
15,2	0,021	-0,005	7,804
15,3	0,026	0,017	7,874
15,4	0,028	0,027	7,927
15,5	0,026	0,015	8,031
15,6	0,020	-0,005	8,031
15,7	0,013	-0,011	8,189
15,8	0,008	-0,006	8,189
15,9	0,007	-0,003	8,189
16,0	0,007	-0,008	8,189
16,1	0,010	-0,011	8,311
16,2	0,011	-0,005	8,346
16,3	0,011	0,006	8,346
16,4	0,009	0,008	8,346
16,5	0,006	0,003	8,399
16,6	0,005	-0,002	8,504
16,7	0,006	-0,001	8,504
16,8	0,009	-0,002	8,504
16,9	0,013	-0,010	8,504
17,0	0,015	-0,016	8,504
17,1	0,017	-0,011	8,661
17,2	0,017	0,003	8,609
17,3	0,015	0,013	8,661
17,4	0,011	0,009	8,661
17,5	0,008	-0,001	8,661
17,6	0,005	-0,005	8,731
17,7	0,004	-0,003	8,819
17,8	0,004	-0,001	8,801
17,9	0,005	-0,005	8,819
18,0	0,007	-0,008	8,819
18,1	0,010	-0,004	8,854
18,2	0,012	0,006	8,836
18,3	0,013	0,012	8,976
18,4	0,012	0,008	8,976
18,5	0,010	-0,001	8,976
18,6	0,007	-0,006	8,976
18,7	0,004	-0,004	9,064
18,8	0,003	0,000	9,134
18,9	0,004	-0,001	9,134
19,0	0,007	-0,006	9,134
19,1	0,011	-0,011	9,151
19,2	0,013	-0,011	9,134
19,3	0,013	-0,006	9,274
19,4	0,011	0,002	9,291
19,5	0,010	0,007	9,291
19,6	0,009	0,009	9,291
19,7	0,009	0,008	9,344
19,8	0,010	0,003	9,396
19,9	0,011	-0,003	9,449
20,0	0,012	-0,009	9,449
20,1	0,013	-0,013	9,449
20,2	0,014	-0,013	9,449
20,3	0,015	-0,008	9,519
20,4	0,015	-0,001	9,606
20,5	0,014	0,007	9,606
20,6	0,013	0,011	9,606
20,7	0,012	0,012	9,624
20,8	0,011	0,010	9,624
20,9	0,011	0,004	9,764
21,0	0,011	-0,003	9,764
21,1	0,010	-0,008	9,764
21,2	0,009	-0,009	9,764
21,3	0,007	-0,006	9,764
21,4	0,005	-0,003	9,816
21,5	0,005	-0,002	9,921
21,6	0,005	-0,002	9,921
21,7	0,006	-0,001	9,921
21,8	0,008	0,003	9,939
21,9	0,009	0,007	10,079
22,0	0,010	0,009	10,079
22,1	0,010	0,005	10,079
22,2	0,012	-0,005	10,079
22,3	0,013	-0,012	10,166
22,4	0,014	-0,013	10,236
22,5	0,015	-0,008	10,236
22,6	0,015	-0,001	10,236
22,7	0,015	0,004	10,236
22,8	0,015	0,008	10,236
22,9	0,017	0,013	10,289
23,0	0,018	0,018	10,394
23,1	0,019	0,018	10,394
23,2	0,018	0,013	10,394
23,3	0,016	0,007	10,411
23,4	0,014	0,001	10,411
23,5	0,013	-0,003	10,551
23,6	0,015	-0,008	10,534
23,7	0,017	-0,014	10,551
23,8	0,018	-0,018	10,551
23,9	0,018	-0,014	10,604
24,0	0,016	-0,006	10,621
24,1	0,015	0,001	10,709
24,2	0,015	0,006	10,709
24,3	0,016	0,011	10,709
24,4	0,017	0,016	10,709
24,5	0,017	0,016	10,849
24,6	0,014	0,009	10,866
24,7	0,010	-0,001	10,866
24,8	0,006	-0,005	10,884
24,9	0,005	0,001	10,884
25,0	0,007	0,008	10,901
25,1	0,011	0,007	11,006
25,2	0,014	-0,003	11,024
25,3	0,016	-0,013	11,024
25,4	0,014	-0,013	11,024
25,5	0,011	-0,006	11,059
25,6	0,009	0,000	11,094
25,7	0,008	0,002	11,181
25,8	0,009	0,004	11,181
25,9	0,011	0,008	11,181
26,0	0,013	0,012	11,199
26,1	0,013	0,013	11,339
26,2	0,013	0,010	11,339
26,3	0,013	0,006	11,339
26,4	0,014	0,001	11,339
26,5	0,015	-0,006	11,339
26,6	0,016	-0,013	11,409
26,7	0,017	-0,017	11,496
26,8	0,016	-0,013	11,496
26,9	0,014	-0,007	11,496
27,0	0,013	-0,002	11,496
27,1	0,013	0,001	11,531
27,2	0,016	0,005	11,601
27,3	0,020	0,013	11,654
27,4	0,023	0,021	11,654
27,5	0,023	0,023	11,654
27,6	0,021	0,017	11,654
27,7	0,018	0,008	11,794
27,8	0,015	0,002	11,811
27,9	0,012	-0,002	11,811
28,0	0,011	-0,005	11,811
28,1	0,008	-0,007	11,881
28,2	0,006	-0,006	11,934
28,3	0,004	-0,002	11,969
28,4	0,003	0,002	11,969
28,5	0,003	0,001	11,969
28,6	0,005	-0,003	11,969
28,7	0,006	-0,006	12,091
28,8	0,007	-0,005	12,108
28,9	0,006	-0,001	12,126
29,0	0,003	0,003	12,126
29,1	0,002	0,002	12,126
29,2	0,002	0,000	12,126
29,3	0,003	-0,001	12,283
29,4	0,006	0,003	12,283
29,5	0,009	0,008	12,283
29,6	0,010	0,009	12,283
29,7	0,009	0,006	12,318
29,8	0,007	0,003	12,353
29,9	0,005	0,001	12,441
30,0	0,005	0,001	12,441
30,1	0,006	-0,001	12,441
30,2	0,007	-0,005	12,458
30,3	0,007	-0,006	12,598
30,4	0,006	-0,004	12,598
30,5	0,004	0,000	12,598
30,6	0,002	0,001	12,598
30,7	0,003	0,001	12,598
30,8	0,005	0,002	12,616
30,9	0,008	0,007	12,756
31,0	0,010	0,010	12,756
31,1	0,010	0,008	12,756
31,2	0,008	0,002	12,756
31,3	0,006	-0,001	12,843
31,4	0,004	0,000	12,913
31,5	0,005	0,001	12,913
31,6	0,007	-0,002	12,913
31,7	0,009	-0,008	12,931
31,8	0,010	-0,009	12,931
31,9	0,009	-0,004	13,071
32,0	0,008	0,002	13,071
32,1	0,006	0,005	13,071
32,2	0,006	0,005	13,071
32,3	0,008	0,007	13,088
32,4	0,011	0,011	13,088
32,5	0,014	0,013	13,228
32,6	0,015	0,008	13,228
32,7	0,015	0,000	13,228
32,8	0,012	-0,006	13,228
32,9	0,009	-0,007	13,316
33,0	0,007	-0,006	13,351
33,1	0,006	-0,006	13,386
33,2	0,007	-0,007	13,386
33,3	0,007	-0,006	13,386
33,4	0,006	-0,003	13,386
33,5	0,005	0,000	13,508
33,6	0,004	0,002	13,543
33,7	0,003	0,003	13,543
33,8	0,003	0,003	13,543
33,9	0,003	0,003	13,561
34,0	0,003	0,002	13,578
34,1	0,002	0,001	13,683
34,2	0,002	0,000	13,701
34,3	0,002	0,002	13,701
34,4	0,003	0,003	13,701
34,5	0,005	0,002	13,823
34,6	0,006	-0,002	13,858
34,7	0,006	-0,005	13,858
34,8	0,005	-0,005	13,858
34,9	0,003	-0,002	13,858
35,0	0,003	0,000	13,858
35,1	0,003	0,001	14,016
35,2	0,005	0,003	14,016
35,3	0,007	0,006	14,016
35,4	0,009	0,008	14,016
35,5	0,010	0,007	14,051
35,6	0,010	0,003	14,016
35,7	0,010	-0,003	14,173
35,8	0,009	-0,006	14,173
35,9	0,009	-0,009	14,173
36,0	0,010	-0,009	14,173
36,1	0,010	-0,007	14,243
36,2	0,011	0,000	14,278
36,3	0,011	0,007	14,331
36,4	0,010	0,010	14,331
36,5	0,009	0,009	14,331
36,6	0,009	0,007	14,366
36,7	0,008	0,005	14,488
36,8	0,009	0,002	14,488
36,9	0,009	-0,001	14,488
37,0	0,009	-0,006	14,506
37,1	0,008	-0,008	14,523
37,2	0,006	-0,006	14,593
37,3	0,004	-0,001	14,646
37,4	0,003	0,002	14,646
37,5	0,003	0,003	14,646
37,6	0,004	0,002	14,646
37,7	0,005	0,000	14,768
37,8	0,006	-0,002	14,786
37,9	0,007	-0,005	14,803
38,0	0,008	-0,008	14,803
38,1	0,010	-0,010	14,803
38,2	0,010	-0,009	14,803
38,3	0,011	-0,005	14,926
38,4	0,011	0,000	14,961
38,5	0,010	0,004	14,961
38,6	0,010	0,007	14,961
38,7	0,009	0,008	14,978
38,8	0,010	0,009	15,101
38,9	0,010	0,010	15,118
39,0	0,011	0,010	15,118
39,1	0,012	0,007	15,136
39,2	0,011	0,002	15,118
39,3	0,010	-0,003	15,276
39,4	0,009	-0,005	15,276
39,5	0,008	-0,006	15,276
39,6	0,008	-0,007	15,276
39,7	0,008	-0,008	15,293
39,8	0,008	-0,007	15,276
39,9	0,007	-0,005	15,416
40,0	0,006	-0,003	15,433
40,1	0,006	-0,001	15,433
40,2	0,006	0,000	15,433
40,3	0,007	0,002	15,468
40,4	0,007	0,005	15,521
40,5	0,007	0,007	15,591
40,6	0,007	0,007	15,591
40,7	0,007	0,006	15,591
40,8	0,007	0,006	15,608
40,9	0,008	0,005	15,748
41,0	0,009	0,003	15,748
41,1	0,009	-0,001	15,748
41,2	0,009	-0,005	15,748
41,3	0,008	-0,007	15,801
41,4	0,007	-0,007	15,818
41,5	0,007	-0,007	15,906
41,6	0,007	-0,006	15,906
41,7	0,008	-0,004	15,906
41,8	0,008	0,001	15,906
41,9	0,007	0,005	15,958
42,0	0,006	0,005	15,958
42,1	0,004	0,004	16,063
42,2	0,003	0,002	16,063
42,3	0,002	0,001	16,063
42,4	0,002	0,000	16,063
42,5	0,003	-0,002	16,220
42,6	0,004	-0,004	16,220
42,7	0,005	-0,004	16,220
42,8	0,006	-0,002	16,220
42,9	0,007	0,001	16,273
43,0	0,008	0,005	16,273
43,1	0,009	0,007	16,378
43,2	0,009	0,009	16,378
43,3	0,010	0,009	16,378
43,4	0,009	0,008	16,378
43,5	0,009	0,005	16,535
43,6	0,008	0,002	16,535
43,7	0,007	0,000	16,535
43,8	0,006	-0,001	16,535
43,9	0,007	-0,003	16,535
44,0	0,007	-0,005	16,535
44,1	0,007	-0,007	16,675
44,2	0,007	-0,006	16,693
44,3	0,006	-0,003	16,693
44,4	0,004	0,000	16,693
44,5	0,003	0,001	16,693
44,6	0,003	0,000	16,710
44,7	0,004	0,001	16,850
44,8	0,006	0,003	16,850
44,9	0,007	0,006	16,850
45,0	0,008	0,008	16,850
45,1	0,008	0,007	16,938
45,2	0,007	0,005	16,938
45,3	0,006	0,003	17,008
45,4	0,006	0,002	17,008
45,5	0,006	0,002	17,008
45,6	0,007	0,000	17,025
45,7	0,007	-0,002	17,165
45,8	0,008	-0,005	17,165
45,9	0,008	-0,007	17,165
46,0	0,007	-0,007	17,165
46,1	0,006	-0,005	17,165
46,2	0,005	-0,002	17,235
46,3	0,004	0,000	17,323
46,4	0,003	0,001	17,323
46,5	0,003	0,001	17,323
46,6	0,002	0,002	17,323
46,7	0,002	0,002	17,410
46,8	0,002	0,002	17,428
46,9	0,002	0,002	17,480
47,0	0,002	0,002	17,480
47,1	0,002	0,002	17,498
47,2	0,002	0,002	17,498
47,3	0,002	0,002	17,638
47,4	0,002	0,001	17,638
47,5	0,001	0,000	17,638
47,6	0,001	0,000	17,638
47,7	0,001	0,000	17,708
47,8	0,001	0,001	17,760
47,9	0,001	0,001	17,795
48,0	0,001	0,001	17,795
48,1	0,001	0,001	17,795
48,2	0,001	0,001	17,795
48,3	0,001	0,001	17,953
48,4	0,001	0,001	17,953
48,5	0,001	0,001	17,953
48,6	0,001	0,001	17,953
48,7	0,002	0,001	17,953
48,8	0,002	0,001	17,970
48,9	0,003	0,001	18,110
49,0	0,003	-0,001	18,110
49,1	0,002	-0,002	18,110
49,2	0,002	-0,002	18,110
49,3	0,002	-0,001	18,215
49,4	0,002	0,001	18,233
49,5	0,002	0,002	18,250
49,6	0,002	0,003	18,268
49,7	0,003	0,003	18,285
49,8	0,004	0,003	18,285
49,9	0,004	0,004	18,390
50,0	0,005	0,003	18,425
50,1	0,006	0,002	18,425
50,2	0,006	0,000	18,425
50,3	0,006	-0,003	18,425
50,4	0,007	-0,005	18,460
50,5	0,006	-0,006	18,583
50,6	0,006	-0,005	18,583
50,7	0,004	-0,002	18,583
50,8	0,002	0,001	18,583
50,9	0,001	0,001	18,653
51,0	0,001	0,000	18,705
51,1	0,002	-0,001	18,740
51,2	0,003	0,002	18,740
51,3	0,004	0,004	18,740
51,4	0,004	0,004	18,775
51,5	0,003	0,001	18,880
51,6	0,002	0,000	18,880
51,7	0,002	0,001	18,898
51,8	0,003	0,002	18,898
51,9	0,004	0,000	18,898
52,0	0,004	-0,002	18,985
52,1	0,004	-0,003	19,055
52,2	0,003	-0,002	19,055
52,3	0,003	-0,003	19,055
52,4	0,004	-0,004	19,055
52,5	0,004	-0,004	19,090
52,6	0,004	0,000	19,160
52,7	0,003	0,002	19,213
52,8	0,001	0,001	19,213
52,9	0,001	-0,001	19,213
53,0	0,002	0,000	19,213
53,1	0,004	0,003	19,283
53,2	0,006	0,003	19,353
53,3	0,006	-0,002	19,370
53,4	0,005	-0,005	19,370
53,5	0,004	-0,004	19,370
53,6	0,004	-0,002	19,405
53,7	0,006	-0,005	19,528
53,8	0,009	-0,009	19,528
53,9	0,009	-0,006	19,528
54,0	0,008	0,001	19,528
54,1	0,005	0,004	19,633
54,2	0,003	-0,001	19,633
54,3	0,004	-0,005	19,685
54,4	0,006	0,000	19,685
54,5	0,007	0,006	19,685
54,6	0,006	0,003	19,685
54,7	0,004	-0,004	19,825
54,8	0,003	-0,004	19,808
54,9	0,006	0,004	19,843
55,0	0,010	0,004	19,843
55,1	0,014	-0,008	19,843
55,2	0,014	-0,016	19,860
55,3	0,012	-0,009	19,983
55,4	0,009	0,002	20,000
55,5	0,008	0,000	20,000
55,6	0,011	-0,012	20,000
55,7	0,015	-0,010	20,087
55,8	0,018	0,007	20,052
55,9	0,017	0,016	20,157
56,0	0,014	0,002	20,192
56,1	0,012	-0,012	20,280
56,2	0,013	-0,002	20,297
56,3	0,016	0,016	20,315
56,4	0,019	0,011	20,315
56,5	0,020	-0,012	20,315
56,6	0,019	-0,017	20,385
56,7	0,019	0,007	20,472
56,8	0,021	0,019	20,472
56,9	0,024	-0,005	20,472
57,0	0,028	-0,029	20,472
57,1	0,030	-0,012	20,472
57,2	0,030	0,023	20,472
57,3	0,030	0,016	20,577
57,4	0,031	-0,025	20,560
57,5	0,036	-0,031	20,630
57,6	0,043	0,016	20,630
57,7	0,046	0,043	20,665
57,8	0,047	-0,001	20,700
57,9	0,046	-0,047	20,787
58,0	0,049	-0,011	20,787
58,1	0,057	0,054	20,787
58,2	0,067	0,030	20,787
58,3	0,072	-0,057	20,875
58,4	0,070	-0,050	20,945
58,5	0,078	0,061	20,962
58,6	0,128	0,043	20,962
58,7	0,253	-0,222	20,962
58,8	0,459	-0,394	20,980
58,9	0,717	-0,011	21,050
59,0	0,968	0,772	20,945
59,1	1,158	1,092	21,085
59,2	1,263	0,354	21,102
59,3	1,302	-0,868	21,260
59,4	1,307	-1,291	21,242
59,5	1,296	-0,408	21,190
59,6	1,250	0,832	21,102
59,7	1,140	1,106	21,242
59,8	0,957	0,266	21,330
59,9	0,744	-0,574	21,417
60,0	0,574	-0,477	21,400
60,1	0,503	0,221	21,330
60,2	0,530	0,502	21,417
60,3	0,590	0,031	21,417
60,4	0,603	-0,519	21,505
60,5	0,530	-0,471	21,575
60,6	0,394	0,002	21,575
60,7	0,263	0,238	21,575
60,8	0,195	0,025	21,575
60,9	0,200	-0,217	21,662
61,0	0,238	-0,117	21,680
61,1	0,259	0,155	21,732
61,2	0,235	0,213	21,732
61,3	0,177	0,023	21,732
61,4	0,115	-0,113	21,732
61,5	0,078	-0,036	21,837
61,6	0,075	0,075	21,855
61,7	0,097	0,020	21,890
61,8	0,131	-0,116	21,890
61,9	0,162	-0,113	21,890
62,0	0,178	0,048	21,890
62,1	0,170	0,166	22,012
62,2	0,136	0,113	22,030
62,3	0,091	-0,009	22,047
62,4	0,055	-0,038	22,047
62,5	0,046	0,027	22,082
62,6	0,066	0,060	22,117
62,7	0,095	0,000	22,205
62,8	0,111	-0,080	22,187
62,9	0,101	-0,095	22,205
63,0	0,073	-0,058	22,240
63,1	0,047	-0,031	22,275
63,2	0,040	-0,032	22,205
63,3	0,051	-0,029	22,362
63,4	0,069	0,002	22,362
63,5	0,079	0,044	22,362
63,6	0,076	0,067	22,362
63,7	0,063	0,061	22,362
63,8	0,048	0,037	22,432
63,9	0,036	0,014	22,520
64,0	0,031	0,004	22,520
64,1	0,032	0,005	22,607
64,2	0,040	0,002	22,590
64,3	0,053	-0,023	22,677
64,4	0,065	-0,058	22,677
64,5	0,069	-0,068	22,677
64,6	0,061	-0,039	22,677
64,7	0,043	-0,001	22,695
64,8	0,026	0,010	22,765
64,9	0,021	-0,003	22,835
65,0	0,032	-0,003	22,835
65,1	0,053	0,028	22,852
65,2	0,070	0,065	22,835
65,3	0,076	0,070	22,922
65,4	0,069	0,040	22,992
65,5	0,057	0,005	22,992
65,6	0,047	-0,015	22,992
65,7	0,044	-0,025	23,027
65,8	0,047	-0,037	23,045
65,9	0,049	-0,047	23,150
66,0	0,049	-0,047	23,150
66,1	0,047	-0,038	23,150
66,2	0,048	-0,025	23,150
66,3	0,053	-0,007	23,202
66,4	0,059	0,021	23,237
66,5	0,061	0,049	23,307
66,6	0,057	0,057	23,307
66,7	0,046	0,042	23,307
66,8	0,035	0,024	23,307
66,9	0,031	0,019	23,447
67,0	0,036	0,022	23,465
67,1	0,047	0,011	23,465
67,2	0,055	-0,017	23,465
67,3	0,056	-0,044	23,535
67,4	0,048	-0,048	23,552
67,5	0,035	-0,032	23,622
67,6	0,024	-0,015	23,622
67,7	0,018	-0,010	23,622
67,8	0,018	-0,011	23,622
67,9	0,022	-0,006	23,622
68,0	0,025	0,004	23,675
68,1	0,026	0,015	23,780
68,2	0,027	0,022	23,780
68,3	0,028	0,028	23,780
68,4	0,031	0,030	23,780
68,5	0,034	0,027	23,937
68,6	0,037	0,013	23,937
68,7	0,038	-0,005	23,937
68,8	0,037	-0,022	23,937
68,9	0,034	-0,032	23,972
69,0	0,031	-0,032	24,042
69,1	0,029	-0,023	24,059
69,2	0,027	-0,008	24,094
69,3	0,024	0,007	24,094
69,4	0,019	0,016	24,094
69,5	0,014	0,015	24,129
69,6	0,010	0,010	24,164
69,7	0,008	0,006	24,252
69,8	0,009	0,008	24,252
69,9	0,012	0,009	24,252
70,0	0,015	0,004	24,269
70,1	0,015	-0,004	24,374
70,2	0,013	-0,010	24,409
70,3	0,009	-0,009	24,409
70,4	0,006	-0,005	24,409
70,5	0,004	-0,003	24,479
70,6	0,004	-0,005	24,409
70,7	0,005	-0,005	24,567
70,8	0,005	-0,001	24,567
70,9	0,004	0,002	24,567
71,0	0,002	0,002	24,567
71,1	0,002	-0,002	24,637
71,2	0,005	-0,002	24,654
71,3	0,009	0,004	24,724
71,4	0,014	0,013	24,724
71,5	0,017	0,017	24,724
71,6	0,019	0,014	24,724
71,7	0,019	0,008	24,864
71,8	0,020	0,002	24,864
71,9	0,022	-0,004	24,882
72,0	0,025	-0,014	24,882
72,1	0,028	-0,024	24,882
72,2	0,029	-0,029	24,917
72,3	0,027	-0,023	25,039
72,4	0,023	-0,012	25,039
72,5	0,019	-0,001	25,039
72,6	0,016	0,005	25,039
72,7	0,014	0,009	25,074
72,8	0,012	0,011	25,127
72,9	0,010	0,011	25,197
73,0	0,008	0,008	25,197
73,1	0,006	0,005	25,284
73,2	0,006	0,004	25,267
73,3	0,007	0,007	25,354
73,4	0,010	0,008	25,354
73,5	0,012	0,006	25,354
73,6	0,013	0,001	25,354
73,7	0,012	-0,004	25,494
73,8	0,012	-0,006	25,512
73,9	0,012	-0,008	25,512
74,0	0,012	-0,011	25,512
74,1	0,014	-0,014	25,512
74,2	0,015	-0,014	25,512
74,3	0,016	-0,008	25,529
74,4	0,016	0,003	25,582
74,5	0,016	0,012	25,669
74,6	0,015	0,015	25,669
74,7	0,014	0,011	25,669
74,8	0,012	0,003	25,669
74,9	0,010	-0,002	25,827
75,0	0,008	-0,003	25,827
75,1	0,007	-0,003	25,827
75,2	0,007	-0,004	25,827
75,3	0,006	-0,006	25,897
75,4	0,005	-0,006	25,879
75,5	0,004	-0,003	25,984
75,6	0,004	-0,002	25,984
75,7	0,004	-0,003	25,984
75,8	0,005	-0,005	25,984
75,9	0,005	-0,006	26,072
76,0	0,006	-0,005	26,142
76,1	0,007	-0,005	26,142
76,2	0,008	-0,008	26,142
76,3	0,010	-0,011	26,159
76,4	0,013	-0,008	26,142
76,5	0,014	-0,001	26,264
76,6	0,014	0,006	26,299
76,7	0,014	0,011	26,299
76,8	0,014	0,014	26,299
76,9	0,015	0,016	26,404
77,0	0,019	0,015	26,457
77,1	0,022	0,009	26,457
77,2	0,025	-0,003	26,457
77,3	0,024	-0,016	26,457
77,4	0,021	-0,021	26,457
77,5	0,016	-0,016	26,597
77,6	0,011	-0,008	26,614
77,7	0,007	-0,003	26,614
77,8	0,006	-0,004	26,614
77,9	0,007	-0,006	26,614
78,0	0,009	-0,003	26,614
78,1	0,012	0,005	26,737
78,2	0,013	0,012	26,772
78,3	0,013	0,011	26,772
78,4	0,012	0,003	26,772
78,5	0,011	-0,005	26,842
78,6	0,008	-0,008	26,859
78,7	0,006	-0,006	26,929
78,8	0,004	-0,003	26,929
78,9	0,003	-0,002	26,929
79,0	0,003	-0,002	26,929
79,1	0,005	0,000	26,947
79,2	0,008	0,006	27,069
79,3	0,012	0,011	27,087
79,4	0,015	0,010	27,087
79,5	0,017	0,003	27,122
79,6	0,019	-0,008	27,122
79,7	0,020	-0,016	27,244
79,8	0,020	-0,019	27,244
79,9	0,019	-0,018	27,244
80,0	0,016	-0,012	27,244
80,1	0,013	-0,005	27,279
80,2	0,010	0,000	27,314
80,3	0,007	0,001	27,402
80,4	0,006	0,001	27,402
80,5	0,007	0,002	27,402
80,6	0,008	0,005	27,402
80,7	0,009	0,008	27,454
80,8	0,009	0,009	27,524
80,9	0,009	0,007	27,559
81,0	0,008	0,003	27,559
81,1	0,007	-0,001	27,559
81,2	0,005	-0,003	27,612
81,3	0,003	-0,003	27,717
81,4	0,002	-0,001	27,717
81,5	0,002	0,000	27,717
81,6	0,003	0,000	27,717
81,7	0,005	-0,002	27,734
81,8	0,007	-0,005	27,804
81,9	0,008	-0,008	27,874
82,0	0,008	-0,008	27,857
82,1	0,008	-0,007	27,874
82,2	0,007	-0,005	27,892
82,3	0,008	-0,004	27,927
82,4	0,008	-0,001	27,997
82,5	0,009	0,003	28,031
82,6	0,009	0,006	28,031
82,7	0,009	0,009	28,049
82,8	0,008	0,008	28,049
82,9	0,008	0,007	28,189
83,0	0,008	0,004	28,189
83,1	0,008	0,000	28,189
83,2	0,007	-0,003	28,189
83,3	0,006	-0,005	28,259
83,4	0,005	-0,005	28,346
83,5	0,004	-0,004	28,346
83,6	0,005	-0,004	28,346
83,7	0,006	-0,006	28,346
83,8	0,006	-0,006	28,346
83,9	0,006	-0,004	28,416
84,0	0,006	-0,001	28,451
84,1	0,005	0,000	28,504
84,2	0,004	0,000	28,504
84,3	0,003	0,000	28,504
84,4	0,003	0,001	28,521
84,5	0,004	0,001	28,644
84,6	0,007	0,000	28,661
84,7	0,013	0,002	28,661
84,8	0,023	0,014	28,661
84,9	0,036	0,034	28,696
85,0	0,051	0,050	28,714
85,1	0,065	0,044	28,819
85,2	0,076	0,011	28,784
85,3	0,082	-0,034	28,836
85,4	0,084	-0,070	28,836
85,5	0,082	-0,082	28,889
85,6	0,077	-0,071	28,976
85,7	0,071	-0,046	28,976
85,8	0,064	-0,020	28,976
85,9	0,057	0,003	28,976
86,0	0,050	0,017	28,976
86,1	0,045	0,025	29,134
86,2	0,044	0,029	29,116
86,3	0,049	0,037	29,134
86,4	0,058	0,052	29,134
86,5	0,069	0,069	29,169
86,6	0,078	0,075	29,169
86,7	0,085	0,065	29,291
86,8	0,088	0,040	29,291
86,9	0,089	0,007	29,291
87,0	0,090	-0,026	29,309
87,1	0,091	-0,056	29,344
87,2	0,092	-0,079	29,361
87,3	0,092	-0,091	29,449
87,4	0,091	-0,087	29,449
87,5	0,088	-0,068	29,449
87,6	0,083	-0,038	29,449
87,7	0,078	-0,005	29,606
87,8	0,072	0,025	29,606
87,9	0,066	0,045	29,606
88,0	0,059	0,054	29,606
88,1	0,052	0,052	29,641
88,2	0,046	0,043	29,606
88,3	0,041	0,031	29,606
88,4	0,036	0,018	29,606
88,5	0,033	0,005	29,606
88,6	0,030	-0,006	29,606
88,7	0,028	-0,014	29,606
88,8	0,026	-0,021	29,606
88,9	0,025	-0,024	29,606
89,0	0,024	-0,024	29,606
89,1	0,024	-0,017	29,606
89,2	0,023	-0,005	29,606
89,3	0,021	0,008	29,606
89,4	0,020	0,017	29,606
89,5	0,018	0,019	29,606
89,6	0,018	0,016	29,606
89,7	0,018	0,010	29,606
89,8	0,019	0,003	29,606
89,9	0,020	-0,006	29,606
90,0	0,021	-0,014	29,606
90,1	0,022	-0,020	29,606
90,2	0,022	-0,022	29,606
90,3	0,021	-0,018	29,606
90,4	0,020	-0,011	29,606
90,5	0,019	-0,002	29,606
90,6	0,019	0,006	29,606
90,7	0,018	0,013	29,606
90,8	0,017	0,016	29,606
90,9	0,015	0,015	29,606
91,0	0,014	0,012	29,606
91,1	0,012	0,008	29,606
91,2	0,011	0,005	29,606
91,3	0,011	0,003	29,606
91,4	0,012	0,002	29,606
91,5	0,013	-0,002	29,606
91,6	0,015	-0,006	29,606
91,7	0,016	-0,012	29,606
91,8	0,017	-0,016	29,606
91,9	0,016	-0,016	29,606
92,0	0,015	-0,012	29,606
92,1	0,013	-0,006	29,606
92,2	0,011	-0,001	29,606
92,3	0,010	0,003	29,606
92,4	0,008	0,005	29,606
92,5	0,008	0,007	29,606
92,6	0,008	0,008	29,606
92,7	0,009	0,009	29,606
92,8	0,010	0,009	29,606
92,9	0,012	0,008	29,606
93,0	0,013	0,003	29,606
93,1	0,014	-0,003	29,606
93,2	0,014	-0,008	29,606
93,3	0,013	-0,011	29,606
93,4	0,012	-0,012	29,606
93,5	0,012	-0,012	29,606
93,6	0,012	-0,011	29,606
93,7	0,012	-0,009	29,606
93,8	0,012	-0,005	29,606
93,9	0,012	-0,001	29,606
94,0	0,013	0,005	29,606
94,1	0,013	0,010	29,606
94,2	0,014	0,013	29,606
94,3	0,015	0,014	29,606
94,4	0,015	0,011	29,606
94,5	0,015	0,005	29,606
94,6	0,014	-0,002	29,606
94,7	0,013	-0,006	29,606
94,8	0,011	-0,008	29,606
94,9	0,010	-0,009	29,606
95,0	0,011	-0,010	29,606
95,1	0,011	-0,011	29,606
95,2	0,012	-0,011	29,606
95,3	0,012	-0,008	29,606
95,4	0,012	-0,003	29,606
95,5	0,011	0,002	29,589
95,6	0,010	0,007	29,606
95,7	0,009	0,009	29,606
95,8	0,009	0,009	29,606
95,9	0,009	0,008	29,606
96,0	0,010	0,006	29,606
96,1	0,010	0,003	29,606
96,2	0,011	-0,001	29,606
96,3	0,012	-0,006	29,606
96,4	0,013	-0,010	29,606
96,5	0,013	-0,013	29,606
96,6	0,013	-0,013	29,606
96,7	0,013	-0,011	29,606
96,8	0,012	-0,007	29,606
96,9	0,012	-0,003	29,606
97,0	0,012	0,002	29,606
97,1	0,012	0,006	29,606
97,2	0,011	0,010	29,606
97,3	0,010	0,011	29,606
97,4	0,010	0,010	29,606
97,5	0,010	0,008	29,606
97,6	0,010	0,005	29,606
97,7	0,010	0,002	29,606
97,8	0,010	-0,002	29,606
97,9	0,009	-0,005	29,606
98,0	0,009	-0,007	29,606
98,1	0,009	-0,008	29,606
98,2	0,008	-0,008	29,606
98,3	0,007	-0,006	29,606
98,4	0,005	-0,004	29,606
98,5	0,003	-0,001	29,606
98,6	0,002	0,000	29,606
98,7	0,002	-0,001	29,606
98,8	0,002	-0,003	29,606
98,9	0,003	-0,003	29,606
99,0	0,003	-0,001	29,606
99,1	0,002	0,001	29,606
99,2	0,001	0,000	29,606
99,3	0,001	-0,001	29,606
99,4	0,001	-0,001	29,606
99,5	0,001	0,000	29,589
99,6	0,002	0,002	29,606
99,7	0,002	0,001	29,606
99,8	0,002	-0,001	29,606
99,9	0,002	-0,002	29,606
100,0	0,002	-0,002	29,606
100,1	0,003	-0,001	29,606
100,2	0,003	0,000	29,606
100,3	0,004	0,001	29,606
100,4	0,005	0,004	29,606
100,5	0,006	0,006	29,606
100,6	0,007	0,006	29,589
100,7	0,007	0,005	29,606
100,8	0,008	0,004	29,606
100,9	0,009	0,001	29,606
101,0	0,011	-0,003	29,606
101,1	0,013	-0,009	29,606
101,2	0,013	-0,013	29,606
101,3	0,013	-0,012	29,606
101,4	0,011	-0,008	29,606
101,5	0,009	-0,003	29,606
101,6	0,007	-0,001	29,606
101,7	0,006	0,000	29,606
101,8	0,006	0,003	29,606
101,9	0,007	0,005	29,606
102,0	0,006	0,006	29,606
102,1	0,005	0,005	29,606
102,2	0,005	0,004	29,606
102,3	0,004	0,003	29,606
102,4	0,005	0,002	29,606
102,5	0,005	0,000	29,606
102,6	0,005	-0,002	29,606
102,7	0,004	-0,003	29,606
102,8	0,003	-0,003	29,606
102,9	0,002	-0,002	29,606
103,0	0,001	-0,001	29,606
103,1	0,001	-0,001	29,606
103,2	0,001	-0,001	29,606
103,3	0,001	-0,001	29,606
103,4	0,001	-0,001	29,606
103,5	0,001	-0,002	29,606
103,6	0,002	-0,001	29,589
103,7	0,002	0,000	29,606
103,8	0,002	0,001	29,589
103,9	0,001	0,001	29,606
104,0	0,001	-0,001	29,606
104,1	0,001	-0,001	29,606
104,2	0,001	0,001	29,606
104,3	0,002	0,001	29,606
104,4	0,002	0,000	29,589
104,5	0,003	-0,002	29,606
104,6	0,002	-0,002	29,606
104,7	0,001	-0,001	29,606
104,8	0,001	0,000	29,606
104,9	0,001	0,001	29,606
105,0	0,002	0,001	29,589
105,1	0,003	0,000	29,606
105,2	0,004	-0,001	29,606
105,3	0,005	-0,003	29,606
105,4	0,005	-0,005	29,606
105,5	0,005	-0,005	29,606
105,6	0,004	-0,004	29,554
105,7	0,004	-0,003	29,606
105,8	0,004	-0,004	29,606
105,9	0,005	-0,003	29,606
106,0	0,006	0,000	29,589
106,1	0,006	0,004	29,589
106,2	0,006	0,005	29,571
106,3	0,004	0,004	29,606
106,4	0,004	0,003	29,589
106,5	0,004	0,002	29,606
106,6	0,005	0,003	29,606
106,7	0,006	0,001	29,606
106,8	0,008	-0,003	29,571
106,9	0,008	-0,006	29,606
107,0	0,007	-0,007	29,589
107,1	0,006	-0,005	29,606
107,2	0,004	-0,003	29,589
107,3	0,003	-0,002	29,606
107,4	0,003	0,000	29,606
107,5	0,003	0,002	29,606
107,6	0,003	0,003	29,589
107,7	0,003	0,002	29,606
107,8	0,003	0,001	29,606
107,9	0,003	0,000	29,606
108,0	0,003	-0,001	29,589
108,1	0,004	-0,002	29,606
108,2	0,004	-0,003	29,571
108,3	0,004	-0,004	29,606
108,4	0,004	-0,004	29,606
108,5	0,004	-0,002	29,589
108,6	0,003	-0,001	29,606
108,7	0,002	0,000	29,606
108,8	0,001	-0,001	29,536
108,9	0,002	-0,001	29,606
109,0	0,003	0,001	29,606
109,1	0,004	0,003	29,606
109,2	0,005	0,005	29,606
109,3	0,005	0,004	29,606
109,4	0,004	0,002	29,589
109,5	0,003	0,000	29,606
109,6	0,003	0,000	29,606
109,7	0,003	0,001	29,606
109,8	0,005	0,002	29,589
109,9	0,006	0,000	29,606
110,0	0,007	-0,003	29,589
110,1	0,008	-0,005	29,606
110,2	0,009	-0,007	29,606
110,3	0,009	-0,008	29,606
110,4	0,010	-0,010	29,606
110,5	0,012	-0,011	29,606
110,6	0,013	-0,010	29,589
110,7	0,013	-0,006	29,606
110,8	0,012	0,000	29,571
110,9	0,010	0,004	29,606
111,0	0,008	0,005	29,589
111,1	0,007	0,006	29,606
111,2	0,007	0,006	29,606
111,3	0,008	0,008	29,606
111,4	0,008	0,008	29,606
111,5	0,008	0,006	29,606
111,6	0,007	0,002	29,589
111,7	0,005	0,000	29,606
111,8	0,004	0,000	29,606
111,9	0,005	0,001	29,606
112,0	0,006	0,001	29,589
112,1	0,008	-0,002	29,589
112,2	0,009	-0,005	29,606
112,3	0,009	-0,007	29,606
112,4	0,008	-0,007	29,536
112,5	0,007	-0,007	29,606
112,6	0,007	-0,007	29,606
112,7	0,007	-0,006	29,606
112,8	0,007	-0,004	29,589
112,9	0,006	-0,001	29,589
113,0	0,005	0,002	29,606
113,1	0,004	0,003	29,606
113,2	0,003	0,003	29,589
113,3	0,003	0,003	29,606
113,4	0,004	0,003	29,554
113,5	0,004	0,002	29,606
113,6	0,005	0,000	29,571
113,7	0,005	-0,001	29,589
113,8	0,006	-0,003	29,606
113,9	0,007	-0,006	29,606
114,0	0,007	-0,007	29,571
114,1	0,007	-0,007	29,606
114,2	0,006	-0,004	29,589
114,3	0,004	-0,002	29,589
114,4	0,003	-0,001	29,606
114,5	0,002	0,000	29,606
114,6	0,001	0,000	29,589
114,7	0,001	0,000	29,606
114,8	0,001	0,000	29,589
114,9	0,002	0,001	29,606
115,0	0,003	0,003	29,554
115,1	0,004	0,003	29,606
115,2	0,005	0,001	29,571
115,3	0,006	-0,003	29,606
115,4	0,005	-0,005	29,606
115,5	0,004	-0,005	29,606
115,6	0,004	-0,003	29,606
115,7	0,003	-0,003	29,589
115,8	0,003	-0,003	29,519
115,9	0,003	-0,003	29,606
116,0	0,003	-0,001	29,589
116,1	0,002	0,001	29,571
116,2	0,002	0,001	29,589
116,3	0,002	0,001	29,571
116,4	0,002	0,002	29,606
116,5	0,003	0,003	29,606
116,6	0,005	0,001	29,606
116,7	0,006	-0,002	29,571
116,8	0,006	-0,004	29,554
116,9	0,006	-0,005	29,606
117,0	0,004	-0,005	29,606
117,1	0,002	-0,004	29,589
117,2	0,003	0,000	29,554
117,3	0,007	0,003	29,606
117,4	0,017	-0,006	29,571
117,5	0,031	-0,027	29,606
117,6	0,047	-0,046	29,554
117,7	0,064	-0,034	29,571
117,8	0,080	0,017	29,571
117,9	0,094	0,080	29,589
118,0	0,105	0,102	29,571
118,1	0,114	0,059	29,606
118,2	0,119	-0,027	29,606
118,3	0,118	-0,097	29,589
118,4	0,112	-0,111	29,589
118,5	0,100	-0,072	29,606
118,6	0,086	-0,018	29,589
118,7	0,074	0,023	29,589
118,8	0,065	0,045	29,571
118,9	0,060	0,056	29,589
119,0	0,059	0,060	29,606
119,1	0,060	0,050	29,606
119,2	0,060	0,026	29,589
119,3	0,058	-0,006	29,589
119,4	0,053	-0,032	29,589
119,5	0,049	-0,044	29,589
119,6	0,044	-0,045	29,536
119,7	0,042	-0,037	29,589
119,8	0,040	-0,026	29,571
119,9	0,039	-0,010	29,606
120,0	0,038	0,007	29,589
120,1	0,036	0,022	29,606
120,2	0,035	0,032	29,606
120,3	0,034	0,034	29,589
120,4	0,033	0,029	29,589
120,5	0,032	0,017	29,589
120,6	0,030	0,002	29,536
120,7	0,028	-0,011	29,606
120,8	0,025	-0,018	29,519
120,9	0,022	-0,020	29,606
121,0	0,021	-0,021	29,571
121,1	0,022	-0,021	29,589
121,2	0,024	-0,021	29,571
121,3	0,026	-0,017	29,606
121,4	0,028	-0,007	29,571
121,5	0,028	0,007	29,589
121,6	0,027	0,018	29,536
121,7	0,025	0,023	29,606
121,8	0,022	0,022	29,554
121,9	0,020	0,017	29,589
122,0	0,018	0,011	29,589
122,1	0,017	0,005	29,571
122,2	0,017	-0,002	29,571
122,3	0,016	-0,009	29,606
122,4	0,015	-0,013	29,554
122,5	0,013	-0,013	29,606
122,6	0,011	-0,010	29,554
122,7	0,009	-0,008	29,589
122,8	0,009	-0,007	29,519
122,9	0,009	-0,004	29,554
123,0	0,010	0,001	29,589
123,1	0,010	0,007	29,606
123,2	0,009	0,008	29,536
123,3	0,007	0,005	29,606
123,4	0,004	0,000	29,571
123,5	0,002	-0,002	29,606
123,6	0,002	-0,001	29,554
123,7	0,003	0,000	29,589
123,8	0,004	-0,002	29,554
123,9	0,005	-0,004	29,554
124,0	0,004	-0,005	29,571
124,1	0,003	-0,002	29,606
124,2	0,002	-0,001	29,571
124,3	0,002	-0,001	29,589
124,4	0,002	-0,002	29,519
124,5	0,002	-0,003	29,589
124,6	0,003	-0,003	29,571
124,7	0,003	-0,002	29,606
124,8	0,003	-0,002	29,554
124,9	0,003	-0,003	29,606
125,0	0,004	-0,002	29,571
125,1	0,004	-0,001	29,589
125,2	0,004	0,000	29,536
125,3	0,004	0,002	29,606
125,4	0,004	0,003	29,571
125,5	0,003	0,003	29,606
125,6	0,003	0,003	29,571
125,7	0,002	0,002	29,589
125,8	0,003	0,002	29,501
125,9	0,003	0,002	29,606
126,0	0,004	0,001	29,554
126,1	0,005	-0,001	29,571
126,2	0,005	-0,004	29,571
126,3	0,005	-0,005	29,571
126,4	0,004	-0,004	29,589
126,5	0,004	-0,004	29,554
126,6	0,004	-0,004	29,536
126,7	0,005	-0,004	29,571
126,8	0,005	-0,003	29,484
126,9	0,004	0,000	29,571
127,0	0,002	0,001	29,571
127,1	0,002	0,000	29,589
127,2	0,002	-0,002	29,554
127,3	0,003	-0,001	29,606
127,4	0,005	0,002	29,589
127,5	0,006	0,005	29,554
127,6	0,005	0,004	29,554
127,7	0,004	0,001	29,554
127,8	0,002	-0,001	29,571
127,9	0,001	-0,001	29,571
128,0	0,001	-0,001	29,571
128,1	0,002	-0,001	29,606
128,2	0,002	-0,002	29,554
128,3	0,001	-0,002	29,554
128,4	0,001	0,000	29,536
128,5	0,001	0,000	29,589
128,6	0,001	-0,001	29,554
128,7	0,001	-0,002	29,589
128,8	0,002	-0,001	29,571
128,9	0,002	0,002	29,589
129,0	0,003	0,002	29,571
129,1	0,003	0,000	29,589
129,2	0,003	-0,002	29,466
129,3	0,003	-0,003	29,589
129,4	0,003	-0,002	29,554
129,5	0,002	0,000	29,589
129,6	0,001	0,000	29,589
129,7	0,000	0,000	29,606
129,8	0,000	0,000	29,571
129,9	0,001	0,000	29,571
130,0	0,002	-0,001	29,484
130,1	0,003	-0,003	29,589
130,2	0,003	-0,003	29,589
130,3	0,003	-0,001	29,606
130,4	0,004	0,002	29,554
130,5	0,004	0,003	29,589
130,6	0,003	0,002	29,519
130,7	0,003	0,001	29,571
130,8	0,002	0,000	29,554
130,9	0,002	0,000	29,606
131,0	0,002	0,000	29,571
131,1	0,004	-0,001	29,571
131,2	0,005	-0,004	29,519
131,3	0,005	-0,005	29,589
131,4	0,004	-0,004	29,536
131,5	0,003	-0,002	29,589
131,6	0,002	0,000	29,519
131,7	0,001	0,000	29,554
131,8	0,001	-0,001	29,519
131,9	0,002	-0,002	29,571
132,0	0,002	-0,002	29,571
132,1	0,002	-0,001	29,571
132,2	0,001	-0,001	29,536
132,3	0,002	-0,002	29,536
132,4	0,003	-0,003	29,484
132,5	0,003	-0,003	29,571
132,6	0,004	-0,001	29,519
132,7	0,003	0,001	29,589
132,8	0,002	0,002	29,554
132,9	0,001	0,001	29,606
133,0	0,000	0,000	29,554
133,1	0,001	0,000	29,571
133,2	0,001	0,000	29,554
133,3	0,002	-0,001	29,554
133,4	0,003	-0,002	29,554
133,5	0,003	-0,003	29,571
133,6	0,002	-0,002	29,571
133,7	0,001	0,000	29,554
133,8	0,001	0,000	29,501
133,9	0,002	-0,002	29,554
134,0	0,002	-0,003	29,466
134,1	0,003	-0,002	29,589
134,2	0,003	0,000	29,554
134,3	0,002	0,001	29,589
134,4	0,001	0,000	29,519
134,5	0,000	-0,001	29,606
134,6	0,000	-0,001	29,554
134,7	0,001	0,000	29,554
134,8	0,002	-0,001	29,519
134,9	0,002	-0,002	29,571
135,0	0,001	-0,002	29,536
135,1	0,001	-0,001	29,571
135,2	0,001	-0,001	29,519
135,3	0,002	-0,002	29,554
135,4	0,004	-0,004	29,536
135,5	0,004	-0,004	29,554
135,6	0,004	-0,003	29,554
135,7	0,003	-0,002	29,589
135,8	0,003	-0,001	29,536
135,9	0,003	-0,001	29,589
136,0	0,003	-0,001	29,554
136,1	0,003	0,001	29,589
136,2	0,003	0,002	29,571
136,3	0,002	0,002	29,554
136,4	0,002	0,002	29,501
136,5	0,002	0,003	29,571
136,6	0,003	0,003	29,536
136,7	0,004	0,002	29,571
136,8	0,004	-0,001	29,571
136,9	0,003	-0,003	29,554
137,0	0,002	-0,002	29,571
137,1	0,001	-0,001	29,571
137,2	0,002	0,000	29,466
137,3	0,003	-0,001	29,571
137,4	0,004	-0,004	29,501
137,5	0,005	-0,005	29,571
137,6	0,005	-0,004	29,466
137,7	0,004	-0,002	29,554
137,8	0,003	0,000	29,536
137,9	0,002	0,001	29,536
138,0	0,002	0,001	29,519
138,1	0,001	0,001	29,554
138,2	0,001	0,000	29,501
138,3	0,000	0,000	29,571
138,4	0,000	0,000	29,589
138,5	0,001	0,000	29,571
138,6	0,002	-0,001	29,536
138,7	0,002	-0,002	29,554
138,8	0,002	-0,003	29,466
138,9	0,002	-0,001	29,554
139,0	0,002	0,000	29,501
139,1	0,001	0,001	29,571
139,2	0,002	-0,001	29,554
139,3	0,003	-0,003	29,571
139,4	0,003	-0,003	29,554
139,5	0,003	-0,003	29,589
139,6	0,003	-0,001	29,484
139,7	0,002	-0,001	29,589
139,8	0,001	0,000	29,501
139,9	0,000	0,000	29,554
140,0	0,001	0,000	29,554
140,1	0,002	-0,001	29,536
140,2	0,003	-0,003	29,571
140,3	0,004	-0,004	29,554
140,4	0,005	-0,003	29,501
140,5	0,004	-0,001	29,571
140,6	0,003	0,001	29,484
140,7	0,001	0,001	29,554
140,8	0,001	0,000	29,501
140,9	0,001	-0,001	29,571
141,0	0,002	-0,001	29,554
141,1	0,002	0,000	29,536
141,2	0,002	0,001	29,501
141,3	0,001	0,001	29,554
141,4	0,001	0,000	29,519
141,5	0,001	-0,002	29,571
141,6	0,002	-0,001	29,536
141,7	0,002	0,000	29,554
141,8	0,003	0,002	29,554
141,9	0,003	0,002	29,571
142,0	0,003	0,001	29,484
142,1	0,003	-0,002	29,536
142,2	0,003	-0,003	29,519
142,3	0,003	-0,003	29,554
142,4	0,003	-0,002	29,554
142,5	0,002	-0,001	29,589
142,6	0,002	0,000	29,501
142,7	0,002	0,001	29,606
142,8	0,001	0,001	29,449
142,9	0,002	0,002	29,519
143,0	0,002	0,002	29,554
143,1	0,003	0,002	29,554
143,2	0,004	0,000	29,484
143,3	0,006	-0,003	29,554
143,4	0,007	-0,006	29,536
143,5	0,008	-0,008	29,571
143,6	0,008	-0,008	29,571
143,7	0,008	-0,007	29,571
143,8	0,009	-0,005	29,484
143,9	0,011	-0,002	29,536
144,0	0,012	0,003	29,484
144,1	0,013	0,009	29,589
144,2	0,013	0,013	29,501
144,3	0,013	0,012	29,536
144,4	0,012	0,009	29,554
144,5	0,011	0,006	29,571
144,6	0,012	0,003	29,536
144,7	0,015	-0,001	29,536
144,8	0,017	-0,009	29,501
144,9	0,019	-0,016	29,571
145,0	0,020	-0,020	29,519
145,1	0,019	-0,018	29,571
145,2	0,018	-0,014	29,501
145,3	0,018	-0,009	29,554
145,4	0,018	-0,003	29,466
145,5	0,018	0,003	29,589
145,6	0,018	0,010	29,501
145,7	0,017	0,014	29,571
145,8	0,016	0,016	29,554
145,9	0,015	0,015	29,554
146,0	0,015	0,012	29,554
146,1	0,014	0,007	29,554
146,2	0,013	0,001	29,501
146,3	0,011	-0,004	29,589
146,4	0,009	-0,006	29,519
146,5	0,008	-0,007	29,571
146,6	0,008	-0,007	29,484
146,7	0,008	-0,008	29,536
146,8	0,009	-0,009	29,519
146,9	0,008	-0,007	29,571
147,0	0,007	-0,003	29,519
147,1	0,005	-0,001	29,519
147,2	0,003	0,000	29,449
147,3	0,001	0,000	29,589
147,4	0,001	-0,001	29,501
147,5	0,002	-0,002	29,571
147,6	0,002	-0,002	29,554
147,7	0,003	-0,001	29,554
147,8	0,002	-0,001	29,554
147,9	0,002	-0,001	29,536
148,0	0,002	-0,001	29,449
148,1	0,003	-0,001	29,571
148,2	0,004	-0,001	29,466
148,3	0,004	0,000	29,519
148,4	0,004	0,002	29,501
148,5	0,004	0,004	29,536
148,6	0,004	0,004	29,501
148,7	0,004	0,003	29,589
148,8	0,003	0,002	29,519
148,9	0,002	0,000	29,571
149,0	0,001	-0,001	29,501
149,1	0,001	0,000	29,501
149,2	0,002	0,000	29,501
149,3	0,003	-0,001	29,519
149,4	0,004	-0,003	29,519
149,5	0,004	-0,003	29,606
149,6	0,003	-0,002	29,501
149,7	0,002	0,000	29,519
149,8	0,001	0,000	29,519
149,9	0,001	-0,001	29,501
150,0	0,001	-0,001	29,484
150,1	0,001	-0,001	29,519
150,2	0,001	0,000	29,519
150,3	0,001	-0,001	29,571
150,4	0,001	-0,001	29,449
150,5	0,001	-0,001	29,554
150,6	0,001	0,000	29,466
150,7	0,001	0,000	29,536
150,8	0,001	0,000	29,519
150,9	0,000	-0,001	29,606
151,0	0,000	0,000	29,536
151,1	0,001	0,000	29,571
151,2	0,002	-0,001	29,519
151,3	0,003	-0,003	29,536
151,4	0,003	-0,003	29,501
151,5	0,003	-0,002	29,536
151,6	0,002	0,000	29,484
151,7	0,001	0,001	29,519
151,8	0,001	-0,001	29,484
151,9	0,001	-0,001	29,571
152,0	0,001	0,000	29,536
152,1	0,001	0,001	29,571
152,2	0,002	0,000	29,536
152,3	0,002	-0,002	29,571
152,4	0,002	-0,002	29,501
152,5	0,002	-0,001	29,536
152,6	0,001	0,000	29,519
152,7	0,001	-0,001	29,501
152,8	0,001	-0,002	29,466
152,9	0,002	-0,002	29,536
153,0	0,002	-0,001	29,484
153,1	0,002	0,000	29,536
153,2	0,002	0,000	29,484
153,3	0,002	0,001	29,519
153,4	0,001	0,001	29,536
153,5	0,002	0,001	29,589
153,6	0,002	-0,001	29,484
153,7	0,002	-0,002	29,571
153,8	0,002	-0,001	29,466
153,9	0,002	0,001	29,536
154,0	0,003	0,002	29,484
154,1	0,004	-0,001	29,519
154,2	0,004	-0,004	29,554
154,3	0,004	-0,004	29,536
154,4	0,003	-0,003	29,501
154,5	0,002	0,000	29,571
154,6	0,001	0,000	29,449
154,7	0,001	-0,001	29,571
154,8	0,002	-0,002	29,466
154,9	0,002	-0,002	29,554
155,0	0,002	-0,001	29,501
155,1	0,002	-0,001	29,484
155,2	0,002	-0,002	29,501
155,3	0,003	-0,003	29,501
155,4	0,003	-0,002	29,466
155,5	0,003	-0,001	29,519
155,6	0,003	0,000	29,466
155,7	0,003	0,000	29,536
155,8	0,002	0,001	29,501
155,9	0,002	0,001	29,536
156,0	0,002	0,001	29,484
156,1	0,001	0,001	29,519
156,2	0,001	0,001	29,484
156,3	0,001	0,000	29,519
156,4	0,001	-0,001	29,449
156,5	0,002	-0,002	29,554
156,6	0,003	-0,003	29,484
156,7	0,005	-0,003	29,536
156,8	0,005	-0,001	29,466
156,9	0,006	0,003	29,571
157,0	0,006	0,005	29,519
157,1	0,005	0,004	29,536
157,2	0,005	0,000	29,466
157,3	0,004	-0,003	29,501
157,4	0,003	-0,003	29,501
157,5	0,003	-0,001	29,501
157,6	0,002	0,001	29,501
157,7	0,001	0,001	29,519
157,8	0,001	0,000	29,466
157,9	0,002	-0,001	29,536
158,0	0,002	-0,002	29,501
158,1	0,002	-0,002	29,536
158,2	0,003	-0,003	29,466
158,3	0,003	-0,002	29,554
158,4	0,003	-0,001	29,501
158,5	0,002	0,000	29,571
158,6	0,001	0,000	29,501
158,7	0,000	0,000	29,501
158,8	0,000	-0,001	29,466
158,9	0,001	-0,001	29,519
159,0	0,002	-0,001	29,484
159,1	0,002	-0,002	29,519
159,2	0,002	-0,002	29,501
159,3	0,002	-0,001	29,571
159,4	0,001	0,000	29,466
159,5	0,001	-0,001	29,536
159,6	0,001	-0,001	29,466
159,7	0,001	-0,001	29,466
159,8	0,001	-0,001	29,466
159,9	0,001	0,000	29,536
160,0	0,002	-0,001	29,484
160,1	0,002	-0,002	29,589
160,2	0,002	-0,001	29,501
160,3	0,002	0,000	29,519
160,4	0,002	0,000	29,449
160,5	0,002	-0,001	29,519
160,6	0,002	-0,001	29,449
160,7	0,002	0,001	29,501
160,8	0,002	0,002	29,501
160,9	0,002	0,002	29,536
161,0	0,001	0,000	29,466
161,1	0,001	-0,001	29,554
161,2	0,001	-0,001	29,466
161,3	0,001	0,000	29,554
161,4	0,001	-0,001	29,484
161,5	0,001	-0,001	29,501
161,6	0,002	-0,002	29,501
161,7	0,002	-0,002	29,536
161,8	0,002	-0,002	29,484
161,9	0,002	-0,002	29,519
162,0	0,003	-0,002	29,466
162,1	0,003	-0,002	29,571
162,2	0,003	-0,001	29,484
162,3	0,003	0,000	29,484
162,4	0,003	0,001	29,484
162,5	0,003	0,002	29,554
162,6	0,002	0,002	29,449
162,7	0,002	0,002	29,501
162,8	0,001	0,001	29,466
162,9	0,001	0,001	29,519
163,0	0,002	0,002	29,519
163,1	0,002	0,002	29,519
163,2	0,003	0,001	29,466
163,3	0,004	-0,002	29,536
163,4	0,004	-0,004	29,501
163,5	0,003	-0,002	29,501
163,6	0,002	0,000	29,466
163,7	0,002	0,001	29,554
163,8	0,002	0,000	29,449
163,9	0,002	-0,002	29,484
164,0	0,002	-0,002	29,571
164,1	0,003	-0,001	29,484
164,2	0,003	0,001	29,484
164,3	0,002	0,002	29,519
164,4	0,002	0,001	29,466
164,5	0,002	-0,001	29,554
164,6	0,002	-0,002	29,449
164,7	0,002	-0,002	29,536
164,8	0,002	0,000	29,484
164,9	0,002	0,001	29,501
165,0	0,002	0,001	29,466
165,1	0,001	0,000	29,519
165,2	0,000	-0,001	29,449
165,3	0,001	0,000	29,554
165,4	0,001	0,000	29,484
165,5	0,002	-0,001	29,536
165,6	0,003	-0,002	29,466
165,7	0,003	-0,003	29,484
165,8	0,002	-0,002	29,484
165,9	0,002	-0,001	29,466
166,0	0,002	-0,001	29,484
166,1	0,003	-0,003	29,501
166,2	0,004	-0,005	29,466
166,3	0,005	-0,003	29,501
166,4	0,004	-0,001	29,466
166,5	0,003	0,001	29,554
166,6	0,002	0,000	29,466
166,7	0,002	-0,001	29,484
166,8	0,003	0,000	29,449
166,9	0,003	0,002	29,536
167,0	0,003	0,003	29,484
167,1	0,003	0,001	29,536
167,2	0,002	-0,001	29,484
167,3	0,001	-0,001	29,519
167,4	0,001	-0,001	29,536
167,5	0,001	-0,001	29,536
167,6	0,002	-0,001	29,449
167,7	0,002	-0,002	29,519
167,8	0,002	-0,002	29,466
167,9	0,003	-0,002	29,501
168,0	0,003	-0,002	29,466
168,1	0,004	-0,002	29,501
168,2	0,003	0,000	29,501
168,3	0,002	0,002	29,484
168,4	0,002	0,002	29,466
168,5	0,001	0,000	29,501
168,6	0,002	-0,002	29,449
168,7	0,002	-0,001	29,536
168,8	0,003	0,001	29,449
168,9	0,002	0,002	29,501
169,0	0,001	0,001	29,484
169,1	0,001	0,001	29,484
169,2	0,001	0,001	29,449
169,3	0,001	0,001	29,466
169,4	0,002	0,001	29,449
169,5	0,002	0,000	29,519
169,6	0,002	-0,001	29,449
169,7	0,003	-0,002	29,571
169,8	0,003	-0,003	29,466
169,9	0,004	-0,004	29,484
170,0	0,004	-0,004	29,466
170,1	0,004	-0,004	29,501
170,2	0,004	-0,003	29,449
170,3	0,004	-0,004	29,536
170,4	0,005	-0,004	29,484
170,5	0,006	-0,003	29,536
170,6	0,006	-0,001	29,484
170,7	0,006	0,002	29,484
170,8	0,005	0,003	29,449
170,9	0,004	0,003	29,501
171,0	0,002	0,002	29,449
171,1	0,001	0,001	29,519
171,2	0,001	0,000	29,449
171,3	0,001	0,000	29,571
171,4	0,000	0,000	29,484
171,5	0,000	0,000	29,519
171,6	0,001	-0,001	29,466
171,7	0,002	-0,001	29,484
171,8	0,002	-0,002	29,449
171,9	0,002	-0,002	29,519
172,0	0,002	-0,001	29,449
172,1	0,001	0,000	29,501
172,2	0,001	0,000	29,466
172,3	0,001	-0,001	29,501
172,4	0,002	-0,001	29,466
172,5	0,002	-0,001	29,501
172,6	0,002	-0,001	29,466
172,7	0,002	0,000	29,466
172,8	0,001	0,001	29,449
172,9	0,001	0,001	29,554
173,0	0,002	-0,001	29,501
173,1	0,002	-0,002	29,536
173,2	0,002	-0,002	29,501
173,3	0,002	-0,001	29,484
173,4	0,002	0,000	29,449
173,5	0,001	0,000	29,484
173,6	0,001	-0,001	29,449
173,7	0,001	-0,001	29,536
173,8	0,001	0,000	29,449
173,9	0,002	0,001	29,536
174,0	0,002	-0,001	29,449
174,1	0,003	-0,003	29,519
174,2	0,003	-0,003	29,484
174,3	0,004	-0,001	29,501
174,4	0,003	0,001	29,449
174,5	0,003	0,002	29,536
174,6	0,002	0,001	29,484
174,7	0,001	0,001	29,519
174,8	0,002	0,002	29,466
174,9	0,003	0,002	29,484
175,0	0,004	-0,001	29,449
175,1	0,004	-0,003	29,501
175,2	0,003	-0,004	29,449
175,3	0,003	-0,002	29,484
175,4	0,002	0,001	29,449
175,5	0,001	0,001	29,519
175,6	0,002	-0,001	29,449
175,7	0,003	-0,003	29,466
175,8	0,004	-0,004	29,484
175,9	0,004	-0,004	29,501
176,0	0,004	-0,003	29,449
176,1	0,003	-0,002	29,519
176,2	0,003	-0,001	29,449
176,3	0,002	0,000	29,501
176,4	0,002	-0,001	29,466
176,5	0,002	-0,001	29,536
176,6	0,002	-0,001	29,484
176,7	0,002	0,000	29,484
176,8	0,002	0,001	29,449
176,9	0,002	0,001	29,519
177,0	0,001	0,001	29,449
177,1	0,001	0,000	29,484
177,2	0,002	-0,001	29,449
177,3	0,003	-0,003	29,501
177,4	0,004	-0,004	29,501
177,5	0,004	-0,004	29,484
177,6	0,005	-0,004	29,449
177,7	0,005	-0,003	29,501
177,8	0,005	-0,001	29,449
177,9	0,004	0,001	29,501
178,0	0,003	0,002	29,466
178,1	0,001	0,001	29,519
178,2	0,000	0,000	29,449
178,3	0,000	0,000	29,519
178,4	0,001	0,000	29,466
178,5	0,002	-0,001	29,501
178,6	0,003	-0,003	29,449
178,7	0,003	-0,003	29,519
178,8	0,002	-0,001	29,449
178,9	0,002	0,000	29,501
179,0	0,001	-0,001	29,466
179,1	0,002	-0,003	29,466
179,2	0,004	-0,004	29,466
179,3	0,005	-0,002	29,571
179,4	0,005	0,000	29,449
179,5	0,004	0,002	29,484
179,6	0,002	0,002	29,466
179,7	0,002	0,001	29,501
179,8	0,001	0,000	29,484
179,9	0,002	-0,002	29,501
180,0	0,002	-0,002	29,484
180,1	0,001	-0,001	29,536
180,2	0,001	0,000	29,466
180,3	0,002	-0,001	29,466
180,4	0,003	-0,004	29,449
180,5	0,004	-0,004	29,466
180,6	0,005	-0,002	29,501
180,7	0,005	0,000	29,484
180,8	0,003	0,001	29,449
180,9	0,002	0,001	29,501
181,0	0,001	0,001	29,449
181,1	0,001	0,001	29,536
181,2	0,001	0,000	29,449
181,3	0,002	-0,002	29,519
181,4	0,002	-0,002	29,501
181,5	0,002	-0,002	29,519
181,6	0,003	-0,002	29,501
181,7	0,004	-0,002	29,484
181,8	0,004	-0,003	29,466
181,9	0,004	-0,002	29,449
182,0	0,004	0,001	29,449
182,1	0,003	0,002	29,501
182,2	0,002	0,000	29,466
182,3	0,002	-0,002	29,519
182,4	0,003	-0,002	29,449
182,5	0,003	0,000	29,519
182,6	0,003	0,001	29,449
182,7	0,002	0,000	29,484
182,8	0,001	-0,002	29,449
182,9	0,002	-0,003	29,466
183,0	0,003	-0,003	29,449
183,1	0,004	-0,002	29,466
183,2	0,004	-0,002	29,449
183,3	0,004	-0,001	29,466
183,4	0,003	0,000	29,449
183,5	0,002	0,001	29,449
183,6	0,002	0,000	29,449
183,7	0,002	-0,002	29,396
183,8	0,003	-0,002	29,291
183,9	0,002	-0,001	29,256
184,0	0,002	0,000	29,134
184,1	0,003	-0,001	27,839
184,2	0,004	-0,004	22,957
184,3	0,005	-0,005	18,705
184,4	0,006	-0,003	15,083
184,5	0,007	0,000	11,514
184,6	0,006	0,001	7,997
184,7	0,005	0,000	5,319
184,8	0,004	0,000	3,465
184,9	0,004	0,001	2,205
185,0	0,004	0,001	1,330
185,1	0,004	0,001	0,787
185,2	0,004	0,000	0,472
185,3	0,003	0,000	0,315
185,4	0,003	0,001	0,315
185,5	0,003	0,002	0,315
185,6	0,003	0,001	0,245
185,7	0,003	0,001	0,210
185,8	0,003	0,001	0,157
185,9	0,003	0,002	0,157
186,0	0,003	0,002	0,157
186,1	0,003	0,001	0,157
186,2	0,003	0,001	0,157
186,3	0,003	0,001	0,157
186,4	0,003	0,001	0,157
186,5	0,002	0,001	0,157
186,6	0,002	0,001	0,157
186,7	0,002	0,001	0,157
186,8	0,002	0,001	0,157
186,9	0,002	0,001	0,157
187,0	0,002	0,001	0,157
187,1	0,002	0,001	0,157
187,2	0,002	0,001	0,157
187,3	0,002	0,001	0,157
187,4	0,002	0,001	0,157
187,5	0,002	0,001	0,157
187,6	0,002	0,001	0,157
187,7	0,002	0,001	0,157
187,8	0,002	0,001	0,157
187,9	0,002	0,001	0,157
188,0	0,002	0,001	0,157
188,1	0,002	0,001	0,157
188,2	0,002	0,001	0,157
188,3	0,002	0,001	0,157
188,4	0,002	0,001	0,157
188,5	0,002	0,001	0,157
188,6	0,002	0,001	0,157
188,7	0,002	0,001	0,157
188,8	0,002	0,001	0,157
188,9	0,002	0,001	0,157
189,0	0,002	0,001	0,157
189,1	0,002	0,001	0,157
189,2	0,002	0,001	0,157
189,3	0,002	0,001	0,157
189,4	0,002	0,001	0,157
189,5	0,002	0,001	0,157
189,6	0,002	0,001	0,157
189,7	0,002	0,001	0,157
189,8	0,002	0,001	0,157
189,9	0,002	0,001	0,157
190,0	0,002	0,001	0,157
190,1	0,002	0,001	0,157
190,2	0,002	0,001	0,157
190,3	0,002	0,001	0,157
190,4	0,002	0,001	0,157
190,5	0,002	0,001	0,157
190,6	0,002	0,001	0,157
190,7	0,002	0,001	0,157
190,8	0,002	0,001	0,157
190,9	0,002	0,001	0,157
191,0	0,002	0,001	0,157
191,1	0,002	0,001	0,157
191,2	0,002	0,001	0,157
191,3	0,002	0,001	0,157
191,4	0,002	0,001	0,157
191,5	0,002	0,001	0,157
191,6	0,002	0,001	0,157
191,7	0,002	0,001	0,157
191,8	0,002	0,001	0,157
191,9	0,002	0,001	0,157
192,0	0,002	0,001	0,157
192,1	0,002	0,001	0,157
192,2	0,002	0,001	0,157
192,3	0,002	0,001	0,157
192,4	0,002	0,001	0,157
192,5	0,002	0,001	0,157
192,6	0,002	0,001	0,157
192,7	0,002	0,001	0,157
192,8	0,002	0,001	0,157
192,9	0,002	0,001	0,157
193,0	0,002	0,001	0,157
193,1	0,001	0,001	0,157
193,2	0,001	0,001	0,157
193,3	0,001	0,000	0,157
193,4	0,001	0,001	0,157
193,5	0,001	0,001	0,157
193,6	0,002	0,001	0,157
193,7	0,001	0,000	0,157
193,8	0,001	0,000	0,157
193,9	0,001	0,001	0,157
194,0	0,001	0,001	0,157
194,1	0,002	0,001	0,157
194,2	0,002	0,000	0,157
194,3	0,001	0,000	0,157
194,4	0,001	0,001	0,157
194,5	0,001	0,001	0,157
194,6	0,001	0,000	0,157
194,7	0,002	0,000	0,157
194,8	0,002	0,001	0,157
194,9	0,002	0,001	0,157
195,0	0,002	0,001	0,157
195,1	0,002	0,000	0,157
195,2	0,002	0,000	0,157
195,3	0,002	0,001	0,157
195,4	0,002	0,001	0,157
195,5	0,002	0,000	0,157
195,6	0,002	0,000	0,157
195,7	0,002	0,000	0,157
195,8	0,002	0,002	0,157
195,9	0,002	0,001	0,157
196,0	0,002	0,000	0,157
196,1	0,002	0,000	0,157
196,2	0,002	0,001	0,157
196,3	0,002	0,002	0,157
196,4	0,002	0,000	0,157
196,5	0,002	-0,001	0,157
196,6	0,002	0,000	0,157
196,7	0,002	0,002	0,157
196,8	0,002	0,002	0,157
196,9	0,002	-0,001	0,157
197,0	0,002	-0,001	0,157
197,1	0,002	0,001	0,157
197,2	0,002	0,003	0,157
197,3	0,003	0,001	0,157
197,4	0,003	-0,002	0,157
197,5	0,003	0,000	0,157
197,6	0,003	0,003	0,157
197,7	0,003	0,003	0,157
197,8	0,003	-0,001	0,157
197,9	0,003	-0,002	0,157
198,0	0,004	0,001	0,157
198,1	0,004	0,004	0,157
198,2	0,004	0,001	0,157
198,3	0,004	-0,003	0,157
198,4	0,004	-0,002	0,157
198,5	0,005	0,004	0,157
198,6	0,005	0,004	0,157
198,7	0,005	-0,002	0,157
198,8	0,005	-0,005	0,157
198,9	0,006	0,001	0,157
199,0	0,006	0,007	0,157
199,1	0,006	0,002	0,157
199,2	0,007	-0,006	0,157
199,3	0,007	-0,004	0,157
199,4	0,008	0,006	0,157
199,5	0,008	0,008	0,157
199,6	0,009	-0,003	0,157
199,7	0,009	-0,009	0,140
199,8	0,010	0,000	0,157
199,9	0,010	0,010	0,157
